-123.8782043 28.58316231 -15.40772438  123.8782043 -28.58316231
-123.5588531 27.00977135 -15.14473629  123.5588531 -27.00977135
-123.5604553 27.00900841 -15.13699436  123.5604553 -27.00900841
-123.4841614 26.90664101 -14.98002243  123.4841614 -26.90664101
-123.1138077 25.76631165 -14.93104935  123.1138077 -25.76631165
-122.5372543 24.40083122 -14.92945957  122.5372543 -24.40083122
-121.8179626 22.72373962 -15.48509407  121.8179626 -22.72373962
-121.5884705 21.83730507 -15.64835453  121.5884705 -21.83730507
-121.356926 18.68552208 -15.02117348  121.356926 -18.68552208
-121.1625977 17.86293983 -14.99497414  121.1625977 -17.86293983
-120.9738312 16.71584129 -15.05017185  120.9738312 -16.71584129
-120.5433044 13.17921925 -14.77080441  120.5433044 -13.17921925
-120.187851 9.985958099 -14.79825687  120.187851 -9.985958099
-120.057373 8.736115456 -14.74900341  120.057373 -8.736115456
-120.0491714 8.691615105 -14.7472105  120.0491714 -8.691615105
-119.637291 5.351563931 -14.84374619  119.637291 -5.351563931
-119.4667664 3.534284115 -14.81942177  119.4667664 -3.534284115
-119.4236832 3.015922785 -14.74294281  119.4236832 -3.015922785
-119.2234039 0.684163034 -14.7127285  119.2234039 -0.684163034
-118.9260406 -1.459830284 -14.76198387  118.9260406 1.459830284
-118.9193878 -1.506866336 -14.76741695  118.9193878 1.506866336
-118.8508148 -2.129368544 -14.87490082  118.8508148 2.129368544
-118.4885101 -6.749083996 -14.5893755  118.4885101 6.749083996
-118.5538406 -8.821727753 -14.82756424  118.5538406 8.821727753
-118.6312256 -11.65301418 -14.49989128  118.6312256 11.65301418
-118.9821167 -15.86451912 -14.04152298  118.9821167 15.86451912
-119.0602646 -17.69715881 -14.07490635  119.0602646 17.69715881
-119.1613617 -21.36520767 -13.8023262  119.1613617 21.36520767
-119.4417801 -26.29206085 -13.64629078  119.4417801 26.29206085
-119.5769119 -28.29424667 -13.96597862  119.5769119 28.29424667
-119.9178314 -31.07370949 -14.22537422  119.9178314 31.07370949
-120.0007401 -31.75258827 -14.30017757  120.0007401 31.75258827
-120.3103409 -33.14996719 -14.26763058  120.3103409 33.14996719
-120.3038483 -33.42309189 -14.24402428  120.3038483 33.42309189
-120.2840805 -34.05487823 -14.25344753  120.2840805 34.05487823
-120.561676 -37.80734253 -14.40705204  120.561676 37.80734253
-120.717926 -38.53427887 -14.39561367  120.717926 38.53427887
-121.3825378 -43.67331314 -13.78783321  121.3825378 43.67331314
-121.9286652 -45.75912094 -13.64007759  121.9286652 45.75912094
-122.2470627 -48.52171326 -13.56227589  122.2470627 48.52171326
-122.4235153 -50.38045883 -13.38048458  122.4235153 50.38045883
-122.4353714 -50.50667572 -13.37177658  122.4353714 50.50667572
-122.5221863 -51.56811523 -13.40060139  122.5221863 51.56811523
-122.4929123 -52.6030159 -13.2359457  122.4929123 52.6030159
-122.4035721 -53.87790298 -12.95407581  122.4035721 53.87790298
-122.1715622 -55.23949051 -12.69120693  122.1715622 55.23949051
-121.6622849 -58.086483 -12.3444519  121.6622849 58.086483
-121.650177 -58.17037201 -12.33703232  121.650177 58.17037201
-121.1693802 -59.64707947 -12.04031372  121.1693802 59.64707947
-120.8294067 -63.68737411 -11.72437286  120.8294067 63.68737411
-120.6073456 -65.0292511 -11.53024673  120.6073456 65.0292511
-120.046051 -68.15692139 -11.3383646  120.046051 68.15692139
-119.8199997 -69.46014404 -11.33960915  119.8199997 69.46014404
-119.1362762 -73.2443161 -11.00226784  119.1362762 73.2443161
-118.7116928 -75.21880341 -10.93403912  118.7116928 75.21880341
-118.4296341 -76.63581085 -11.03750706  118.4296341 76.63581085
-118.4126816 -76.68096161 -11.04043579  118.4126816 76.68096161
-117.8533478 -78.50994873 -11.22658825  117.8533478 78.50994873
-117.8473816 -78.53016663 -11.22899628  117.8473816 78.53016663
-117.7489319 -79.00770569 -11.22993374  117.7489319 79.00770569
-117.6003647 -79.80658722 -11.27342987  117.6003647 79.80658722
-117.2142792 -82.1414566 -11.67242241  117.2142792 82.1414566
-117.1379395 -82.74582672 -11.68770313  117.1379395 82.74582672
-117.1327133 -82.78535461 -11.69275188  117.1327133 82.78535461
-117.0238419 -83.72211456 -11.73964024  117.0238419 83.72211456
-116.7520599 -85.84159851 -11.5253458  116.7520599 85.84159851
-116.2720337 -88.07532501 -11.34147263  116.2720337 88.07532501
-115.6164017 -91.32125854 -11.3434763  115.6164017 91.32125854
-115.1286926 -93.89933014 -11.15776253  115.1286926 93.89933014
-115.0754929 -94.18666077 -11.11910534  115.0754929 94.18666077
-114.1952286 -99.29006958 -10.96767235  114.1952286 99.29006958
-113.6801071 -102.7330475 -11.15785789  113.6801071 102.7330475
-113.6800842 -102.7334518 -11.15791416  113.6800842 102.7334518
-113.6745605 -102.8343048 -11.17185783  113.6745605 102.8343048
-113.4391098 -104.2870941 -11.27121258  113.4391098 104.2870941
-113.3787384 -106.497963 -11.52902794  113.3787384 106.497963
-113.1724777 -108.4006653 -11.88387489  113.1724777 108.4006653
-113.1171341 -108.840744 -11.93121052  113.1171341 108.840744
-113.0978394 -109.0033875 -11.93796635  113.0978394 109.0033875
-113.0267487 -109.5633698 -11.98368931  113.0267487 109.5633698
-112.9564896 -110.5009842 -11.95681286  112.9564896 110.5009842
-112.8549652 -113.3603592 -12.14830494  112.8549652 113.3603592
-112.8586807 -113.4008179 -12.15414906  112.8586807 113.4008179
-112.3718872 -117.1129532 -12.41233253  112.3718872 117.1129532
-111.7442245 -123.6740875 -12.45603848  111.7442245 123.6740875
-111.6100845 -126.069046 -12.73324966  111.6100845 126.069046
-111.2934418 -130.245636 -12.76120567  111.2934418 130.245636
-111.0022888 -132.5114441 -13.11631966  111.0022888 132.5114441
-109.9339142 -136.870575 -13.57730675  109.9339142 136.870575
-109.2574158 -139.7665863 -14.64409924  109.2574158 139.7665863
-109.2229767 -139.9309692 -14.76277351  109.2229767 139.9309692
-108.8826141 -141.37854 -15.62497234  108.8826141 141.37854
-107.6574402 -144.865799 -18.12081528  107.6574402 144.865799
-107.1105576 -146.1054688 -19.31562996  107.1105576 146.1054688
-106.1330948 -149.6563721 -22.2536087  106.1330948 149.6563721
-104.8723297 -151.916153 -25.24930763  104.8723297 151.916153
-102.7587585 -153.8660736 -28.66998863  102.7587585 153.8660736
-101.0608978 -155.8157959 -32.45342636  101.0608978 155.8157959
-100.8476715 -156.1070557 -33.0513382  100.8476715 156.1070557
-98.61352539 -157.640625 -36.59365082  98.61352539 157.640625
-98.24124146 -157.909317 -37.34807587  98.24124146 157.909317
-94.71905518 -158.9435272 -42.82074738  94.71905518 158.9435272
-94.40503693 -159.0230255 -43.24874878  94.40503693 159.0230255
-93.56822205 -159.2555847 -44.59098434  93.56822205 159.2555847
-93.3066864 -159.401474 -44.97937012  93.3066864 159.401474
-92.62468719 -159.5886383 -45.8932991  92.62468719 159.5886383
-90.65756226 -159.7325439 -48.00720215  90.65756226 159.7325439
-89.05156708 -159.5913086 -49.89096832  89.05156708 159.5913086
-88.24624634 -159.5397339 -50.66377258  88.24624634 159.5397339
-86.63110352 -159.2832642 -51.69961929  86.63110352 159.2832642
-84.06014252 -158.1756897 -54.10161209  84.06014252 158.1756897
-82.65106201 -157.8682404 -55.53955841  82.65106201 157.8682404
-81.79833221 -157.627121 -56.47521591  81.79833221 157.627121
-79.83772278 -157.0168762 -58.43677902  79.83772278 157.0168762
-79.30760956 -156.8102112 -59.05245209  79.30760956 156.8102112
-77.69109344 -156.2984619 -60.55016708  77.69109344 156.2984619
-75.85385895 -155.8091431 -62.0916748  75.85385895 155.8091431
-74.86942291 -155.4074249 -62.69184494  74.86942291 155.4074249
-74.22875977 -155.1004181 -63.16024017  74.22875977 155.1004181
-73.1269455 -154.7098541 -63.75686264  73.1269455 154.7098541
-71.36676788 -154.222168 -64.48829651  71.36676788 154.222168
-69.6206131 -153.4898224 -65.29690552  69.6206131 153.4898224
-69.19773865 -153.3207092 -65.55049896  69.19773865 153.3207092
-62.60396957 -150.7707062 -71.13408661  62.60396957 150.7707062
-61.91566086 -150.557251 -71.59664917  61.91566086 150.557251
-60.18037415 -150.1957245 -72.61091614  60.18037415 150.1957245
-58.85592651 -149.8000488 -73.3789444  58.85592651 149.8000488
-58.77286911 -149.7717438 -73.41590881  58.77286911 149.7717438
-57.44650269 -149.2687988 -74.09291077  57.44650269 149.2687988
-56.32039642 -148.7442322 -74.44308472  56.32039642 148.7442322
-55.65962601 -148.4386444 -74.56427765  55.65962601 148.4386444
-55.42556 -148.3509674 -74.61703491  55.42556 148.3509674
-55.42339325 -148.3507843 -74.61701202  55.42339325 148.3507843
-53.34873581 -147.8447418 -75.55924988  53.34873581 147.8447418
-51.03376007 -147.0600281 -77.04853821  51.03376007 147.0600281
-45.40013504 -145.591217 -79.67405701  45.40013504 145.591217
-43.96779633 -145.1230316 -80.40037537  43.96779633 145.1230316
-42.67518234 -144.57547 -81.21060944  42.67518234 144.57547
-40.8824501 -144.0531311 -82.31143951  40.8824501 144.0531311
-40.66726685 -143.9790955 -82.39863586  40.66726685 143.9790955
-38.29171371 -143.1503906 -83.31604767  38.29171371 143.1503906
-37.39432144 -142.7014313 -83.73770142  37.39432144 142.7014313
-36.95536423 -142.4847717 -83.89833832  36.95536423 142.4847717
-35.7310257 -142.0340576 -84.31052399  35.7310257 142.0340576
-35.62840652 -142.0032501 -84.33435822  35.62840652 142.0032501
-35.54862213 -141.9787445 -84.3659668  35.54862213 141.9787445
-34.22126007 -141.632843 -84.76452637  34.22126007 141.632843
-33.85694504 -141.566452 -84.83049774  33.85694504 141.566452
-30.04947281 -141.2364807 -85.94260406  30.04947281 141.2364807
-29.22021484 -141.2114258 -86.22776031  29.22021484 141.2114258
-23.62459183 -140.5370636 -88.17804718  23.62459183 140.5370636
-20.46446037 -140.196579 -89.05722046  20.46446037 140.196579
-19.23272514 -140.01828 -89.46022797  19.23272514 140.01828
-17.95407486 -139.8602448 -89.93665314  17.95407486 139.8602448
-16.03356552 -139.7079468 -90.6336441  16.03356552 139.7079468
-15.44529057 -139.6425171 -90.81443024  15.44529057 139.6425171
-14.62216282 -139.5386505 -91.04590607  14.62216282 139.5386505
-12.59198189 -139.1374207 -91.62702942  12.59198189 139.1374207
-11.93202209 -138.9432068 -91.87982941  11.93202209 138.9432068
-10.6240263 -138.7742462 -92.15059662  10.6240263 138.7742462
-9.152397156 -138.6653595 -92.619133  9.152397156 138.6653595
-8.717467308 -138.7141876 -92.6269989  8.717467308 138.7141876
-8.650123596 -138.7250671 -92.63024902  8.650123596 138.7250671
-4.796483517 -138.8591461 -93.1774826  4.796483517 138.8591461
-3.266681194 -138.7128296 -93.24973297  3.266681194 138.7128296
-3.264839172 -138.7125244 -93.24990845  3.264839172 138.7125244
-3.113179922 -138.6872101 -93.26464844  3.113179922 138.6872101
2.427467346 -138.5539703 -93.74272919  -2.427467346 138.5539703
4.297018528 -138.4990234 -93.96357727  -4.297018528 138.4990234
6.175318718 -138.3843384 -94.2552948  -6.175318718 138.3843384
6.819592953 -138.3075409 -94.32368469  -6.819592953 138.3075409
7.00084734 -138.297821 -94.35053253  -7.00084734 138.297821
8.346030235 -138.1289368 -94.50782776  -8.346030235 138.1289368
12.23399067 -137.9626465 -94.91841125  -12.23399067 137.9626465
13.28099728 -137.9392853 -95.16402435  -13.28099728 137.9392853
14.4425602 -137.9092255 -95.32411957  -14.4425602 137.9092255
16.16457939 -137.7866058 -95.41676331  -16.16457939 137.7866058
16.49663925 -137.7705383 -95.46815491  -16.49663925 137.7705383
16.5277462 -137.7657013 -95.47441101  -16.5277462 137.7657013
17.52976799 -137.7951965 -95.52597046  -17.52976799 137.7951965
17.52990723 -137.7952118 -95.52596283  -17.52990723 137.7952118
17.56463242 -137.7987518 -95.52313232  -17.56463242 137.7987518
20.48969269 -138.1962585 -95.02173615  -20.48969269 138.1962585
23.84575081 -138.2872772 -94.64205933  -23.84575081 138.2872772
26.03315926 -138.4307098 -94.23448944  -26.03315926 138.4307098
28.53732109 -138.7737579 -93.83966827  -28.53732109 138.7737579
30.07039452 -138.9412689 -93.49653625  -30.07039452 138.9412689
35.83984375 -139.811554 -92.41668701  -35.83984375 139.811554
36.67915726 -139.9492645 -92.33431244  -36.67915726 139.9492645
40.31093216 -140.5228577 -91.04407501  -40.31093216 140.5228577
42.16019821 -140.9145203 -90.2303009  -42.16019821 140.9145203
45.24567032 -141.713501 -88.98656464  -45.24567032 141.713501
45.36346436 -141.7408295 -88.93456268  -45.36346436 141.7408295
46.56708145 -142.2234497 -88.48854065  -46.56708145 142.2234497
49.61853409 -143.256958 -86.64189911  -49.61853409 143.256958
50.81819153 -143.69104 -86.05639648  -50.81819153 143.69104
54.37956619 -144.8916168 -83.84659576  -54.37956619 144.8916168
57.18983459 -145.8843536 -82.08006287  -57.18983459 145.8843536
58.10711288 -146.1239624 -81.58556366  -58.10711288 146.1239624
59.52397156 -146.596817 -80.62332153  -59.52397156 146.596817
59.80263519 -146.6772919 -80.44145966  -59.80263519 146.6772919
59.90617371 -146.7028656 -80.35444641  -59.90617371 146.7028656
61.78257751 -147.1736603 -78.92243958  -61.78257751 147.1736603
63.73136139 -147.8973541 -77.40128326  -63.73136139 147.8973541
65.18251038 -148.4599304 -76.16923523  -65.18251038 148.4599304
67.25045776 -149.4997101 -74.63475037  -67.25045776 149.4997101
67.31163025 -149.5409546 -74.58052826  -67.31163025 149.5409546
69.18245697 -150.8411865 -72.40791321  -69.18245697 150.8411865
70.15416718 -151.4841919 -71.39741516  -70.15416718 151.4841919
72.77762604 -152.9353943 -69.18736267  -72.77762604 152.9353943
75.67320251 -154.5866547 -65.94025421  -75.67320251 154.5866547
76.89274597 -155.5690613 -64.64833069  -76.89274597 155.5690613
77.59941101 -156.1575012 -63.89503098  -77.59941101 156.1575012
78.54503632 -157.1477509 -62.51364517  -78.54503632 157.1477509
79.81360626 -158.6630402 -60.69605637  -79.81360626 158.6630402
79.94426727 -158.7821655 -60.52931976  -79.94426727 158.7821655
80.2115097 -159.0162811 -60.25428391  -80.2115097 159.0162811
80.25996399 -159.0603333 -60.19781876  -80.25996399 159.0603333
80.27909851 -159.0797272 -60.17408371  -80.27909851 159.0797272
80.454216 -159.2604218 -59.94098282  -80.454216 159.2604218
81.80744934 -160.5981598 -57.84059525  -81.80744934 160.5981598
84.2950058 -162.2561951 -53.34305573  -84.2950058 162.2561951
85.98700714 -163.2236938 -51.16535568  -85.98700714 163.2236938
87.82514954 -165.1792603 -47.45399857  -87.82514954 165.1792603
88.31491852 -165.6737061 -46.7586937  -88.31491852 165.6737061
89.26824951 -167.0604095 -44.69007492  -89.26824951 167.0604095
90.94533539 -168.5246887 -41.98278046  -90.94533539 168.5246887
93.56791687 -169.410965 -37.32841873  -93.56791687 169.410965
95.67313385 -170.0247345 -33.60739517  -95.67313385 170.0247345
97.75814819 -170.7770844 -30.20391464  -97.75814819 170.7770844
98.04940033 -170.8165741 -29.93945694  -98.04940033 170.8165741
98.5076828 -170.9053802 -29.30192566  -98.5076828 170.9053802
98.61777496 -170.9172974 -29.12580109  -98.61777496 170.9172974
100.1739197 -171.2130737 -26.55809402  -100.1739197 171.2130737
100.5658493 -171.183136 -26.04540443  -100.5658493 171.183136
102.5772018 -170.9671021 -23.95185661  -102.5772018 170.9671021
102.9280548 -170.8980408 -23.50363922  -102.9280548 170.8980408
103.3508911 -170.8747711 -22.92581367  -103.3508911 170.8747711
104.5528412 -170.5933228 -21.31739044  -104.5528412 170.5933228
105.0890808 -170.0813751 -20.59521675  -105.0890808 170.0813751
108.120697 -167.1502991 -17.022686  -108.120697 167.1502991
111.7575226 -160.6895905 -13.23385239  -111.7575226 160.6895905
111.9017792 -160.5794983 -13.15125847  -111.9017792 160.5794983
113.133461 -156.6442871 -12.05983925  -113.133461 156.6442871
113.9071274 -153.7290344 -11.64461517  -113.9071274 153.7290344
114.7600098 -149.259201 -11.90093899  -114.7600098 149.259201
114.8039551 -147.6821594 -12.01010132  -114.8039551 147.6821594
115.2296219 -143.9408112 -12.11782837  -115.2296219 143.9408112
115.2213898 -143.2403259 -12.03884888  -115.2213898 143.2403259
115.3324738 -139.6461182 -11.45921326  -115.3324738 139.6461182
115.4911728 -137.2171021 -11.22026062  -115.4911728 137.2171021
115.3363953 -135.6423645 -11.18294525  -115.3363953 135.6423645
115.3969421 -134.4458771 -11.28003311  -115.3969421 134.4458771
115.2912827 -133.4681244 -11.405159  -115.2912827 133.4681244
115.2077484 -133.0994568 -11.4652338  -115.2077484 133.0994568
115.1258011 -132.3096466 -11.56528091  -115.1258011 132.3096466
115.059166 -131.3808289 -11.71579552  -115.059166 131.3808289
114.8900909 -130.172699 -11.9914484  -114.8900909 130.172699
114.8271408 -129.7121887 -12.12615967  -114.8271408 129.7121887
114.7471161 -129.3283997 -12.2425251  -114.7471161 129.3283997
115.4720764 -122.807663 -13.15961742  -115.4720764 122.807663
115.5100403 -121.4431763 -13.04037094  -115.5100403 121.4431763
116.5564346 -113.2306595 -12.12074661  -116.5564346 113.2306595
117.0961761 -110.1037292 -11.87438679  -117.0961761 110.1037292
117.2418823 -109.5889359 -11.87557793  -117.2418823 109.5889359
117.2451019 -109.5690002 -11.87490082  -117.2451019 109.5690002
117.847084 -105.9789047 -11.67188358  -117.847084 105.9789047
117.8709946 -104.5209274 -11.63241863  -117.8709946 104.5209274
117.9912643 -103.55336 -11.60603809  -117.9912643 103.55336
118.0604858 -102.7000351 -11.16704655  -118.0604858 102.7000351
118.0643158 -102.6874771 -11.16074276  -118.0643158 102.6874771
118.2892838 -101.4902649 -10.68823433  -118.2892838 101.4902649
118.4762878 -100.4018631 -10.38532925  -118.4762878 100.4018631
118.9909668 -96.71876526 -9.803686142  -118.9909668 96.71876526
119.9029541 -89.34520721 -9.172025681  -119.9029541 89.34520721
120.0011292 -88.32180786 -9.103992462  -120.0011292 88.32180786
120.2444305 -86.40136719 -8.79191494  -120.2444305 86.40136719
120.9081039 -83.19928741 -8.443577766  -120.9081039 83.19928741
121.225502 -79.8591156 -8.146227837  -121.225502 79.8591156
121.4061279 -79.25324249 -8.127220154  -121.4061279 79.25324249
122.3007278 -76.80710602 -7.653652191  -122.3007278 76.80710602
122.7163773 -75.30937958 -7.264882088  -122.7163773 75.30937958
122.9702225 -74.27105713 -7.136429787  -122.9702225 74.27105713
123.1349106 -72.26842499 -6.811759472  -123.1349106 72.26842499
123.3869629 -69.30401611 -6.224713802  -123.3869629 69.30401611
123.6234894 -67.69520569 -6.086828709  -123.6234894 67.69520569
124.3491058 -61.20054626 -5.147766113  -124.3491058 61.20054626
124.9277649 -56.76422501 -4.969371796  -124.9277649 56.76422501
125.5972595 -52.83055115 -4.413047314  -125.5972595 52.83055115
125.7219009 -52.37667084 -4.305286884  -125.7219009 52.37667084
126.3568344 -49.4442215 -4.068256378  -126.3568344 49.4442215
126.50383 -48.96681213 -4.128183842  -126.50383 48.96681213
126.5040512 -48.96579361 -4.128181458  -126.5040512 48.96579361
126.558342 -48.71204758 -4.127594948  -126.558342 48.71204758
126.5699463 -48.64518738 -4.123765945  -126.5699463 48.64518738
126.7950134 -45.85347748 -3.61074996  -126.7950134 45.85347748
127.2405014 -35.50812531 -3.716830492  -127.2405014 35.50812531
128.1391296 -30.95850372 -3.381362677  -128.1391296 30.95850372
128.5144043 -28.44612122 -3.461670876  -128.5144043 28.44612122
128.6082306 -26.31158638 -3.589480162  -128.6082306 26.31158638
128.7657776 -25.13121986 -3.734351158  -128.7657776 25.13121986
129.2563171 -22.97929573 -4.141256332  -129.2563171 22.97929573
129.2994995 -22.79361343 -4.194562435  -129.2994995 22.79361343
129.3745422 -21.27091217 -4.941753864  -129.3745422 21.27091217
128.7787933 -18.93454361 -5.86149168  -128.7787933 18.93454361
128.7476196 -18.38057709 -6.044900894  -128.7476196 18.38057709
128.2631989 -12.12543011 -6.771382809  -128.2631989 12.12543011
127.9391479 -10.70425987 -7.14103651  -127.9391479 10.70425987
127.2775269 -1.866476536 -7.782376766  -127.2775269 1.866476536
126.8099823 1.571322203 -8.512298584  -126.8099823 -1.571322203
126.7944946 2.342087507 -8.800468445  -126.7944946 -2.342087507
126.9403763 3.886523247 -9.277866364  -126.9403763 -3.886523247
127.3348846 6.066103935 -10.29931927  -127.3348846 -6.066103935
127.3916397 6.869857788 -10.52614021  -127.3916397 -6.869857788
127.4602356 8.758490562 -11.37097836  -127.4602356 -8.758490562
127.4602127 8.758671761 -11.371068  -127.4602127 -8.758671761
127.4553299 8.803780556 -11.39330387  -127.4553299 -8.803780556
126.899971 11.37767029 -12.1529932  -126.899971 -11.37767029
125.2322922 16.27611732 -12.45423412  -125.2322922 -16.27611732
123.9944839 21.3621273 -12.39380455  -123.9944839 -21.3621273
123.7983932 21.99209404 -12.40674782  -123.7983932 -21.99209404
121.4768143 27.51106071 -12.48554611  -121.4768143 -27.51106071
120.5664673 29.56257439 -12.7238369  -120.5664673 -29.56257439
120.4270554 29.84780693 -12.73704147  -120.4270554 -29.84780693
119.4896164 31.0533905 -13.05801964  -119.4896164 -31.0533905
119.1606674 31.38257408 -13.13849354  -119.1606674 -31.38257408
118.9878922 31.5589962 -13.18952179  -118.9878922 -31.5589962
117.9056549 32.82434845 -13.57424641  -117.9056549 -32.82434845
117.6575928 33.08483887 -13.67902565  -117.6575928 -33.08483887
114.8782806 35.52832031 -14.9609766  -114.8782806 -35.52832031
113.4792862 37.05376816 -15.18634129  -113.4792862 -37.05376816
110.0674133 41.36418915 -15.04459  -110.0674133 -41.36418915
104.7498474 48.80749893 -13.8796072  -104.7498474 -48.80749893
104.5218201 49.13415146 -13.87374306  -104.5218201 -49.13415146
101.9347534 51.6507988 -13.74796009  -101.9347534 -51.6507988
99.98174286 53.11159897 -13.65562153  -99.98174286 -53.11159897
98.79682922 54.19738007 -13.64311504  -98.79682922 -54.19738007
93.57789612 57.23366165 -13.03962421  -93.57789612 -57.23366165
92.28894043 57.86369705 -12.93554783  -92.28894043 -57.86369705
90.10441589 59.05441666 -12.68997574  -90.10441589 -59.05441666
88.69445801 60.03627014 -12.47836971  -88.69445801 -60.03627014
85.42470551 62.08683014 -11.45053768  -85.42470551 -62.08683014
85.37721252 62.12364578 -11.43416882  -85.37721252 -62.12364578
84.19655609 62.96910095 -11.02292347  -84.19655609 -62.96910095
84.10962677 63.05010223 -10.99533749  -84.10962677 -63.05010223
77.50961304 67.2036972 -10.10246944  -77.50961304 -67.2036972
76.15537262 68.06554413 -9.666729927  -76.15537262 -68.06554413
75.54892731 68.40155029 -9.476958275  -75.54892731 -68.40155029
75.48054504 68.43537903 -9.454937935  -75.48054504 -68.43537903
73.18128967 69.35110474 -8.883016586  -73.18128967 -69.35110474
69.35079956 71.20484161 -7.341380119  -69.35079956 -71.20484161
68.64179993 71.46222687 -7.120480061  -68.64179993 -71.46222687
64.64125824 73.19259644 -4.937823296  -64.64125824 -73.19259644
63.14575958 73.80464935 -3.807214022  -63.14575958 -73.80464935
60.66199112 74.66461945 -2.28847909  -60.66199112 -74.66461945
59.88886261 74.90913391 -1.790141821  -59.88886261 -74.90913391
57.39977646 75.9684906 -0.023925308  -57.39977646 -75.9684906
57.0561142 76.07084656 0.256412208  -57.0561142 -76.07084656
54.90602112 76.82142639 1.790087938  -54.90602112 -76.82142639
54.46507263 76.91988373 2.182940006  -54.46507263 -76.91988373
51.89638901 77.87312317 4.455206871  -51.89638901 -77.87312317
51.88549805 77.876297 4.462726593  -51.88549805 -77.876297
50.32027817 78.21992493 5.708783627  -50.32027817 -78.21992493
49.23852539 78.32392883 6.765587807  -49.23852539 -78.32392883
48.55451202 78.39815521 7.383480072  -48.55451202 -78.39815521
48.48273087 78.41737366 7.453725338  -48.48273087 -78.41737366
46.78179932 78.6418457 9.038301468  -46.78179932 -78.6418457
44.62619019 78.68899536 10.92455387  -44.62619019 -78.68899536
42.79053497 79.01192474 12.78735065  -42.79053497 -79.01192474
40.87100983 78.95618439 14.96150398  -40.87100983 -78.95618439
39.70557022 78.91619873 16.75136948  -39.70557022 -78.91619873
38.32305527 78.95011902 18.43063164  -38.32305527 -78.95011902
37.70427322 78.95760345 19.04059029  -37.70427322 -78.95760345
35.55540466 79.18104553 21.69433403  -35.55540466 -79.18104553
35.26639175 79.24147797 22.11630821  -35.26639175 -79.24147797
33.63059998 79.34527588 23.9900322  -33.63059998 -79.34527588
32.13564301 79.4475174 25.46519852  -32.13564301 -79.4475174
30.74639702 79.49919891 27.12607574  -30.74639702 -79.49919891
28.45294952 79.47255707 30.46748352  -28.45294952 -79.47255707
27.80039978 79.44953156 31.25293159  -27.80039978 -79.44953156
24.24907112 79.45061493 36.72507095  -24.24907112 -79.45061493
22.89672661 79.45426178 38.47535706  -22.89672661 -79.45426178
22.5314579 79.41845703 39.03968048  -22.5314579 -79.41845703
20.84989738 79.33366394 41.83078384  -20.84989738 -79.33366394
20.35818291 79.4080658 42.95128632  -20.35818291 -79.4080658
19.9140892 79.33581543 44.20840454  -19.9140892 -79.33581543
19.84339333 79.32111359 44.42715454  -19.84339333 -79.32111359
19.24270248 79.11287689 46.52674484  -19.24270248 -79.11287689
19.16784096 79.04904938 46.82768631  -19.16784096 -79.04904938
19.14989662 79.03835297 46.89661407  -19.14989662 -79.03835297
18.38528252 78.84452057 48.57142639  -18.38528252 -78.84452057
17.49650764 78.7095108 50.49873734  -17.49650764 -78.7095108
16.61999512 78.48105621 52.71108627  -16.61999512 -78.48105621
16.47210121 78.41069031 53.11322784  -16.47210121 -78.41069031
15.35652542 78.38993835 56.47599792  -15.35652542 -78.38993835
14.85619926 78.5224762 58.43911362  -14.85619926 -78.5224762
14.81715965 78.52783203 58.64949799  -14.81715965 -78.52783203
14.74352646 78.56526184 59.07769394  -14.74352646 -78.56526184
14.64519405 78.62502289 59.51063156  -14.64519405 -78.62502289
13.62501717 79.03095245 62.36060715  -13.62501717 -79.03095245
13.453866 79.16684723 63.26408768  -13.453866 -79.16684723
12.7162962 80.22158051 67.16324615  -12.7162962 -80.22158051
12.79108334 80.60849762 67.88687897  -12.79108334 -80.60849762
12.46272087 83.20443726 74.31064606  -12.46272087 -83.20443726
12.17136097 83.49765778 75.13135529  -12.17136097 -83.49765778
12.16902256 83.51237488 75.19921112  -12.16902256 -83.51237488
11.99959469 83.82299805 75.92328644  -11.99959469 -83.82299805
11.32813072 87.55500793 82.13833618  -11.32813072 -87.55500793
11.36368847 88.32235718 82.90062714  -11.36368847 -88.32235718
11.02371407 90.2828598 85.60761261  -11.02371407 -90.2828598
10.68555832 92.11328125 87.64289093  -10.68555832 -92.11328125
10.4466238 93.2769928 88.75218201  -10.4466238 -93.2769928
10.2483654 94.55532837 89.74525452  -10.2483654 -94.55532837
9.981801033 95.99147034 90.64373016  -9.981801033 -95.99147034
9.773901939 97.36685181 91.74568176  -9.773901939 -97.36685181
9.554083824 98.38641357 92.33929443  -9.554083824 -98.38641357
9.17097187 100.8258133 93.627388  -9.17097187 -100.8258133
8.2464571 104.0984879 94.83913422  -8.2464571 -104.0984879
7.779006958 106.1662674 95.28275299  -7.779006958 -106.1662674
7.531740189 107.815834 95.45117187  -7.531740189 -107.815834
7.289059162 109.6607285 95.81105804  -7.289059162 -109.6607285
7.060106277 111.9790878 96.09060669  -7.060106277 -111.9790878
6.66910553 113.4414215 96.26806641  -6.66910553 -113.4414215
6.250485897 115.8633041 95.98390198  -6.250485897 -115.8633041
5.456228733 120.2605972 96.02993774  -5.456228733 -120.2605972
5.206787586 121.6682358 95.74006653  -5.206787586 -121.6682358
4.364689827 126.8133926 95.22153473  -4.364689827 -126.8133926
4.264952183 127.173027 95.10501862  -4.264952183 -127.173027
4.075949192 128.0472717 94.84544373  -4.075949192 -128.0472717
3.896912575 128.9244995 94.6294632  -3.896912575 -128.9244995
3.875625134 129.1110382 94.58477783  -3.875625134 -129.1110382
3.722506523 130.4223328 94.32411957  -3.722506523 -130.4223328
3.239116907 133.7893829 93.47733307  -3.239116907 -133.7893829
3.212702513 134.0330353 93.3790741  -3.212702513 -134.0330353
3.003971815 135.7344971 92.84680176  -3.003971815 -135.7344971
2.728440285 137.5937958 92.20986938  -2.728440285 -137.5937958
2.595411777 138.5222168 91.99314117  -2.595411777 -138.5222168
2.158256054 141.4133759 90.91836548  -2.158256054 -141.4133759
2.141489983 141.5044861 90.87469482  -2.141489983 -141.5044861
2.098249912 141.9545135 90.7245636  -2.098249912 -141.9545135
1.75161314 144.8010559 89.75713348  -1.75161314 -144.8010559
1.751376987 144.8039703 89.75565338  -1.751376987 -144.8039703
1.603371024 146.615036 89.02902985  -1.603371024 -146.615036
1.584194899 147.9413757 88.63275909  -1.584194899 -147.9413757
1.516553402 150.809967 87.68296051  -1.516553402 -150.809967
1.534759641 151.3383331 87.43563843  -1.534759641 -151.3383331
2.212218523 155.4029846 86.11554718  -2.212218523 -155.4029846
2.307772875 155.7979889 85.97042084  -2.307772875 -155.7979889
2.48090291 156.9810486 85.43227386  -2.48090291 -156.9810486
2.595065355 161.188797 84.27865601  -2.595065355 -161.188797
2.749927044 162.3772736 83.93041229  -2.749927044 -162.3772736
2.831067324 165.4152374 83.36361694  -2.831067324 -165.4152374
3.0590446 166.9290009 83.09286499  -3.0590446 -166.9290009
3.126787424 168.3221588 82.89700317  -3.126787424 -168.3221588
3.126650572 168.3244476 82.89669037  -3.126650572 -168.3244476
3.127336025 168.3389587 82.89479828  -3.127336025 -168.3389587
3.280367851 169.3809204 82.67216492  -3.280367851 -169.3809204
3.281829596 169.4179077 82.66257477  -3.281829596 -169.4179077
3.330078125 169.856781 82.48313141  -3.330078125 -169.856781
3.422118664 171.4213409 81.81513977  -3.422118664 -171.4213409
3.416435957 171.5987549 81.75090027  -3.416435957 -171.5987549
3.130643606 174.0933075 81.21073914  -3.130643606 -174.0933075
2.698735714 177.0821991 81.08589172  -2.698735714 -177.0821991
2.673816442 180.9708252 81.83893585  -2.673816442 -180.9708252
2.673197746 183.1250916 82.55257416  -2.673197746 -183.1250916
3.523273945 186.8820343 84.73487854  -3.523273945 -186.8820343
3.626677036 187.1168976 84.91632843  -3.626677036 -187.1168976
