4.567222118 -232.0131989 -338.2320251 -4.567222118 232.0131989
4.126228333 -232.0205231 -338.2386169 -4.126228333 232.0205231
1.649223924 -231.4017944 -338.6435242 -1.649223924 231.4017944
1.015515804 -231.1690674 -338.8537292 -1.015515804 231.1690674
0.904396176 -231.1480408 -338.8816833 -0.904396176 231.1480408
0.900954068 -231.1473389 -338.8823547 -0.900954068 231.1473389
0.732290864 -231.1130981 -338.9159851 -0.732290864 231.1130981
-0.204106972 -230.8693695 -338.9011841 0.204106972 230.8693695
-0.502416372 -230.7749023 -338.8483276 0.502416372 230.7749023
-0.69062537 -230.7584534 -338.8363037 0.69062537 230.7584534
-3.22857523 -230.7785797 -338.4408264 3.22857523 230.7785797
-4.355115891 -231.1522217 -338.0188293 4.355115891 231.1522217
-6.033617496 -231.4980164 -337.4283447 6.033617496 231.4980164
-8.419994354 -231.7994385 -336.5536804 8.419994354 231.7994385
-11.64131927 -232.4259033 -335.2943726 11.64131927 232.4259033
-14.15224743 -232.7395477 -334.3733521 14.15224743 232.7395477
-16.11605453 -233.0096283 -333.8254395 16.11605453 233.0096283
-16.22951126 -233.0312042 -333.7871399 16.22951126 233.0312042
-18.05450821 -233.2709045 -333.0309753 18.05450821 233.2709045
-18.79306984 -233.436676 -332.79953 18.79306984 233.436676
-22.81816864 -233.6997833 -331.117218 22.81816864 233.6997833
-23.35031128 -233.7791138 -330.9411316 23.35031128 233.7791138
-23.9746418 -233.8883514 -330.6913147 23.9746418 233.8883514
-25.05419731 -234.0363007 -330.2401123 25.05419731 234.0363007
-26.92713165 -234.3074493 -329.3950806 26.92713165 234.3074493
-30.24557686 -234.8923035 -327.448822 30.24557686 234.8923035
-32.62960434 -235.7636871 -325.0223389 32.62960434 235.7636871
-32.67790604 -235.7788086 -324.9718018 32.67790604 235.7788086
-36.03575516 -236.6036835 -320.9432068 36.03575516 236.6036835
-37.47529221 -236.879425 -319.5428772 37.47529221 236.879425
-41.66994476 -237.5818176 -315.8651428 41.66994476 237.5818176
-59.4176445 -233.3929596 -309.6424255 59.4176445 233.3929596
-60.81437302 -232.9176636 -309.1222229 60.81437302 232.9176636
-64.38677216 -231.6687622 -307.4967957 64.38677216 231.6687622
-67.29328156 -229.8020477 -304.0473938 67.29328156 229.8020477
-70.6710434 -227.9009857 -299.076355 70.6710434 227.9009857
-71.69576263 -227.4675903 -297.8852844 71.69576263 227.4675903
-74.08080292 -226.2904968 -295.436676 74.08080292 226.2904968
-76.39146423 -225.354187 -293.4594116 76.39146423 225.354187
-76.82420349 -225.1515656 -292.9454651 76.82420349 225.1515656
-81.51203156 -220.2496338 -286.7470398 81.51203156 220.2496338
-81.53569031 -220.2266388 -286.7276001 81.53569031 220.2266388
-82.50547791 -219.4844055 -285.82547 82.50547791 219.4844055
-82.7831192 -219.3231354 -285.6009216 82.7831192 219.3231354
-83.26926422 -218.9748535 -285.0878296 83.26926422 218.9748535
-83.73989105 -218.6690826 -284.6329651 83.73989105 218.6690826
-86.97736359 -217.3675537 -280.3214417 86.97736359 217.3675537
-91.55519104 -214.9089661 -275.467804 91.55519104 214.9089661
-96.54951477 -212.4016571 -270.1243591 96.54951477 212.4016571
-96.7169342 -212.3026886 -269.9386597 96.7169342 212.3026886
-96.79927826 -212.2561035 -269.8466797 96.79927826 212.2561035
-100.0098038 -210.8225403 -266.0413818 100.0098038 210.8225403
-100.0478821 -210.7819977 -265.9724731 100.0478821 210.7819977
-101.2219543 -209.176239 -262.3630066 101.2219543 209.176239
-102.4426575 -207.6247559 -257.3233948 102.4426575 207.6247559
-102.0711441 -206.4076233 -248.9006042 102.0711441 206.4076233
-102.0108032 -206.3322906 -248.5136414 102.0108032 206.3322906
-101.0518723 -205.9448242 -241.1898956 101.0518723 205.9448242
-101.0518417 -205.9448853 -241.1894379 101.0518417 205.9448853
-101.0441589 -205.959198 -241.0755005 101.0441589 205.959198
-100.1857681 -206.2068024 -237.3455353 100.1857681 206.2068024
-99.41103363 -207.326355 -232.6824188 99.41103363 207.326355
-99.37129974 -207.5017242 -232.0693817 99.37129974 207.5017242
-97.56204987 -209.550705 -224.1787567 97.56204987 209.550705
-97.46372223 -210.0003815 -222.6365662 97.46372223 210.0003815
-96.94828033 -210.7417908 -218.8149414 96.94828033 210.7417908
-95.90284729 -211.6898193 -216.3082275 95.90284729 211.6898193
-94.05428314 -215.0534821 -212.4080963 94.05428314 215.0534821
-92.01726532 -217.1256409 -207.721817 92.01726532 217.1256409
-90.76996613 -218.4777069 -204.5997009 90.76996613 218.4777069
-90.5526123 -218.7944031 -203.7115326 90.5526123 218.7944031
-90.29980469 -219.1883087 -202.7603912 90.29980469 219.1883087
-89.82015991 -219.5837708 -201.2386932 89.82015991 219.5837708
-88.34907532 -220.4994202 -196.2840729 88.34907532 220.4994202
-88.28320313 -220.5495758 -196.058136 88.28320313 220.5495758
-87.70726013 -220.620163 -194.1038513 87.70726013 220.620163
-87.20726013 -220.5783234 -192.4056091 87.20726013 220.5783234
-86.6222229 -220.5002747 -190.154129 86.6222229 220.5002747
-85.06748962 -221.1856384 -186.1871796 85.06748962 221.1856384
-83.40221405 -222.2688293 -183.2129211 83.40221405 222.2688293
-82.99570465 -222.6112213 -182.3667145 82.99570465 222.6112213
-79.40668488 -223.9055481 -176.6886444 79.40668488 223.9055481
-79.24855042 -223.9442749 -176.2913818 79.24855042 223.9442749
-77.52953339 -224.9636993 -173.4389954 77.52953339 224.9636993
-76.27783966 -225.7626801 -171.9650269 76.27783966 225.7626801
-74.8342514 -226.6792755 -170.0666656 74.8342514 226.6792755
-72.57229614 -227.9893951 -167.5020752 72.57229614 227.9893951
-71.47215271 -228.888443 -166.0650635 71.47215271 228.888443
-69.05984497 -231.5530701 -161.6551666 69.05984497 231.5530701
-68.43572998 -232.2373962 -160.6664124 68.43572998 232.2373962
-67.87430573 -232.8837585 -159.9557953 67.87430573 232.8837585
-65.20424652 -237.2012939 -157.0052032 65.20424652 237.2012939
-64.96930695 -237.6397552 -156.7782135 64.96930695 237.6397552
-63.66389084 -239.9612122 -155.972702 63.66389084 239.9612122
-63.55205154 -240.1673431 -155.9330139 63.55205154 240.1673431
-62.16318512 -243.2111359 -155.5611725 62.16318512 243.2111359
-61.75012589 -244.1007538 -155.5514832 61.75012589 244.1007538
-58.76770782 -247.9680634 -156.9368439 58.76770782 247.9680634
-54.96340561 -252.8056488 -159.039093 54.96340561 252.8056488
-50.62014389 -260.2089844 -169.1173096 50.62014389 260.2089844
-50.51073837 -260.2703552 -169.3669281 50.51073837 260.2703552
-49.23028183 -261.9285889 -174.7824249 49.23028183 261.9285889
-47.61478806 -262.3828125 -178.8611145 47.61478806 262.3828125
-47.44997787 -262.3827515 -179.282959 47.44997787 262.3827515
-47.28281403 -262.3997192 -180.1595001 47.28281403 262.3997192
-47.03583908 -262.5791931 -181.4919434 47.03583908 262.5791931
-46.48309326 -263.2549744 -184.738327 46.48309326 263.2549744
-45.87834549 -263.357666 -188.9657135 45.87834549 263.357666
-46.30912018 -263.4758301 -190.0976105 46.30912018 263.4758301
-46.64945984 -263.6908569 -192.2181396 46.64945984 263.6908569
-44.2148819 -264.6513367 -202.5840912 44.2148819 264.6513367
-44.17884827 -264.6534424 -202.6736908 44.17884827 264.6534424
-38.31023407 -266.2658081 -212.8179626 38.31023407 266.2658081
-36.59223557 -266.459259 -215.9479828 36.59223557 266.459259
-36.38333511 -266.4830017 -216.6847687 36.38333511 266.4830017
-35.94856262 -266.6274109 -217.4698792 35.94856262 266.6274109
-33.52897263 -267.3486328 -221.1476135 33.52897263 267.3486328
-33.20586395 -267.308136 -221.4432373 33.20586395 267.308136
-32.48981094 -267.2460327 -221.938385 32.48981094 267.2460327
-29.66130257 -267.3478088 -223.6459198 29.66130257 267.3478088
-29.03026772 -267.2422791 -224.0312195 29.03026772 267.2422791
-27.92708969 -267.0595093 -224.4721985 27.92708969 267.0595093
-25.67428017 -266.9591675 -225.3451385 25.67428017 266.9591675
-24.14740181 -266.6798401 -226.1004333 24.14740181 266.6798401
-21.16458511 -266.1429443 -227.1529999 21.16458511 266.1429443
-20.93386078 -266.0868225 -227.2189026 20.93386078 266.0868225
-15.20126438 -265.4416809 -229.0333557 15.20126438 265.4416809
-12.49616146 -264.9918823 -229.6887665 12.49616146 264.9918823
-11.83488464 -264.8406067 -229.8541107 11.83488464 264.8406067
-11.05588913 -264.6889648 -229.9850311 11.05588913 264.6889648
-9.659130096 -264.4830933 -230.0609131 9.659130096 264.4830933
-7.752768993 -264.3117065 -229.9792175 7.752768993 264.3117065
-4.184696674 -264.3760071 -230.0687408 4.184696674 264.3760071
-1.913196087 -263.9533081 -229.8822021 1.913196087 263.9533081
-0.586180985 -263.9036865 -229.5968628 0.586180985 263.9036865
-0.412184626 -263.8926392 -229.5448914 0.412184626 263.8926392
5.14680481 -263.18396 -228.1999664 -5.14680481 263.18396
5.448928356 -263.1227112 -228.1283722 -5.448928356 263.1227112
6.892821789 -262.808197 -227.6914825 -6.892821789 262.808197
7.724657536 -262.6000977 -227.3817902 -7.724657536 262.6000977
11.14580345 -261.3293152 -226.4815521 -11.14580345 261.3293152
14.52109432 -260.4627075 -225.1898041 -14.52109432 260.4627075
18.54978752 -260.2160339 -223.6731873 -18.54978752 260.2160339
20.88380623 -259.8599243 -222.6286621 -20.88380623 259.8599243
22.66667747 -259.7266235 -221.9287567 -22.66667747 259.7266235
23.42606735 -259.7026672 -221.5120239 -23.42606735 259.7026672
23.92294884 -259.6331482 -221.201828 -23.92294884 259.6331482
25.33877182 -259.548584 -219.8030701 -25.33877182 259.548584
25.59388161 -259.5135803 -219.4704437 -25.59388161 259.5135803
28.3552227 -257.6487427 -215.6979523 -28.3552227 257.6487427
28.48053741 -257.4263306 -215.4423828 -28.48053741 257.4263306
29.57578659 -256.6575012 -214.4909821 -29.57578659 256.6575012
34.719944 -253.6707916 -204.6356964 -34.719944 253.6707916
36.00024796 -252.9076843 -200.8201752 -36.00024796 252.9076843
37.26724625 -252.5143127 -198.4440155 -37.26724625 252.5143127
39.38630295 -253.9951477 -192.1076813 -39.38630295 253.9951477
40.90917969 -254.8353882 -187.6106415 -40.90917969 254.8353882
40.94815445 -254.8782501 -187.3956146 -40.94815445 254.8782501
41.031147 -255.0017853 -186.8060303 -41.031147 255.0017853
41.52015686 -255.4147644 -183.9051208 -41.52015686 255.4147644
41.60876083 -255.3856506 -183.0125122 -41.60876083 255.3856506
41.88306046 -255.2029724 -181.8988647 -41.88306046 255.2029724
42.03158569 -255.1289978 -181.2261963 -42.03158569 255.1289978
42.30007935 -254.7861633 -179.4204712 -42.30007935 254.7861633
42.31967545 -254.7406464 -179.2425232 -42.31967545 254.7406464
42.54769135 -253.8508453 -176.088562 -42.54769135 253.8508453
42.57240677 -253.7947845 -175.8471375 -42.57240677 253.7947845
42.79388809 -253.430954 -174.3190765 -42.79388809 253.430954
43.03956604 -252.7036743 -171.8297729 -43.03956604 252.7036743
43.36277771 -252.1274109 -169.4543762 -43.36277771 252.1274109
43.38176346 -252.081131 -169.3792572 -43.38176346 252.081131
43.39674377 -251.9293671 -169.0743103 -43.39674377 251.9293671
43.38842773 -249.7549286 -162.6342316 -43.38842773 249.7549286
43.45817184 -249.4136658 -160.6374512 -43.45817184 249.4136658
43.15272522 -248.2909851 -155.8336639 -43.15272522 248.2909851
43.14306259 -248.2679749 -155.7164917 -43.14306259 248.2679749
43.0944252 -248.1175995 -155.175705 -43.0944252 248.1175995
43.10767746 -247.8540344 -154.2944794 -43.10767746 247.8540344
43.09143448 -247.8314667 -154.2122803 -43.09143448 247.8314667
42.99335098 -247.3898163 -152.2948914 -42.99335098 247.3898163
42.88328552 -246.6738281 -148.4397736 -42.88328552 246.6738281
42.70199203 -246.3253021 -146.6111145 -42.70199203 246.3253021
42.56103897 -246.2011566 -145.7622375 -42.56103897 246.2011566
41.72551346 -245.1833191 -142.5379791 -41.72551346 245.1833191
41.59498978 -245.0762939 -142.1248016 -41.59498978 245.0762939
40.94113922 -244.320282 -140.5417938 -40.94113922 244.320282
40.68904877 -243.9862213 -139.7496185 -40.68904877 243.9862213
39.42157745 -240.9502258 -133.6766052 -39.42157745 240.9502258
39.38898468 -238.9591675 -130.9246216 -39.38898468 238.9591675
39.36864471 -237.8650665 -129.6620026 -39.36864471 237.8650665
39.39923477 -236.1668243 -127.6076279 -39.39923477 236.1668243
41.55395508 -231.0441284 -121.7571564 -41.55395508 231.0441284
41.61414337 -230.8107605 -121.5483246 -41.61414337 230.8107605
41.88746262 -230.2885437 -121.141655 -41.88746262 230.2885437
43.82981491 -227.634903 -119.5476303 -43.82981491 227.634903
44.18622589 -227.3355103 -119.3109055 -44.18622589 227.3355103
50.56526184 -220.70784 -114.6648941 -50.56526184 220.70784
51.56756973 -219.9397278 -114.3267212 -51.56756973 219.9397278
52.11085892 -219.5755768 -114.1574631 -52.11085892 219.5755768
55.20050049 -217.5756226 -112.9802399 -55.20050049 217.5756226
57.74889374 -216.5254974 -111.248291 -57.74889374 216.5254974
58.5777359 -215.92276 -110.4321671 -58.5777359 215.92276
59.02466202 -215.6345215 -109.9708786 -59.02466202 215.6345215
60.50277328 -214.1828918 -108.2812576 -60.50277328 214.1828918
61.96225357 -213.3830414 -107.0698776 -61.96225357 213.3830414
62.61230087 -213.0658417 -106.6649323 -62.61230087 213.0658417
63.42819595 -212.6519012 -106.1008835 -63.42819595 212.6519012
63.75031281 -212.4076538 -105.9171982 -63.75031281 212.4076538
68.83218384 -209.2646027 -101.4069138 -68.83218384 209.2646027
70.90084076 -207.8204651 -99.85099792 -70.90084076 207.8204651
71.58798981 -207.3361664 -99.50427246 -71.58798981 207.3361664
73.8471756 -205.9135437 -98.3535614 -73.8471756 205.9135437
74.93798065 -204.9577484 -97.57769012 -74.93798065 204.9577484
75.24246979 -204.69133 -97.3841095 -75.24246979 204.69133
77.87195587 -202.5703888 -96.03778839 -77.87195587 202.5703888
79.12204742 -201.3455505 -95.6167984 -79.12204742 201.3455505
80.91030121 -199.7171326 -95.2486496 -80.91030121 199.7171326
81.16292572 -199.4388428 -95.22633362 -81.16292572 199.4388428
85.51929474 -195.2096863 -95.81790924 -85.51929474 195.2096863
87.1224823 -193.6852722 -96.70162201 -87.1224823 193.6852722
88.35569 -192.6125641 -97.49327087 -88.35569 192.6125641
88.99817657 -192.0983124 -97.85259247 -88.99817657 192.0983124
89.56452942 -191.5980072 -98.18691254 -89.56452942 191.5980072
89.76734161 -191.4793396 -98.33638763 -89.76734161 191.4793396
96.40582275 -188.7049866 -104.0375519 -96.40582275 188.7049866
98.02889252 -188.7148895 -106.9193497 -98.02889252 188.7148895
99.47011566 -188.6185455 -109.1943207 -99.47011566 188.6185455
99.93800354 -188.5492401 -109.987648 -99.93800354 188.5492401
100.5156479 -188.2007141 -112.7976151 -100.5156479 188.2007141
100.7439804 -188.1257629 -113.5830154 -100.7439804 188.1257629
101.5039215 -188.1184082 -116.5447311 -101.5039215 188.1184082
103.0144043 -188.0455322 -122.2802887 -103.0144043 188.0455322
103.2128448 -187.9798737 -123.0405502 -103.2128448 187.9798737
103.2294693 -187.9806976 -123.1163406 -103.2294693 187.9806976
103.5521164 -187.7169342 -124.7309418 -103.5521164 187.7169342
103.6778107 -187.6112671 -125.0450821 -103.6778107 187.6112671
104.7503204 -187.1756744 -127.9796982 -104.7503204 187.1756744
104.7507095 -187.1755219 -127.9805527 -104.7507095 187.1755219
104.8483734 -187.1360474 -128.1924286 -104.8483734 187.1360474
106.4864044 -186.4691162 -132.4207153 -106.4864044 186.4691162
106.5471039 -186.4212036 -132.6193848 -106.5471039 186.4212036
106.6255112 -186.3235168 -133.0251923 -106.6255112 186.3235168
107.1311798 -185.7355804 -135.9648132 -107.1311798 185.7355804
107.1314545 -185.7349701 -135.967514 -107.1314545 185.7349701
107.1997528 -185.5843964 -136.6389618 -107.1997528 185.5843964
107.2562866 -185.4721069 -137.1531067 -107.2562866 185.4721069
107.5967636 -184.4427795 -139.9107971 -107.5967636 184.4427795
107.6459579 -184.3535919 -140.1776123 -107.6459579 184.3535919
107.765152 -183.8358612 -141.6058502 -107.765152 183.8358612
107.7649384 -183.8285522 -141.6271515 -107.7649384 183.8285522
107.7617264 -183.8134155 -141.6830597 -107.7617264 183.8134155
107.6791077 -183.4535828 -142.8627472 -107.6791077 183.4535828
107.6999435 -183.2228546 -143.6327515 -107.6999435 183.2228546
108.1100388 -182.8506165 -146.085495 -108.1100388 182.8506165
108.311203 -182.6404114 -146.9424133 -108.311203 182.6404114
108.5287094 -182.3932495 -148.4425049 -108.5287094 182.3932495
108.549408 -182.3492126 -148.682312 -108.549408 182.3492126
109.6118622 -181.031662 -155.1680145 -109.6118622 181.031662
109.6794815 -180.8494415 -155.8220215 -109.6794815 180.8494415
109.7241669 -180.7373657 -156.1441803 -109.7241669 180.7373657
109.7828217 -180.2076569 -157.8655853 -109.7828217 180.2076569
109.7761841 -179.8406677 -159.2093506 -109.7761841 179.8406677
109.8108368 -179.6858368 -159.9391937 -109.8108368 179.6858368
109.8465958 -179.5708923 -160.4365692 -109.8465958 179.5708923
109.3780212 -178.3883209 -163.4579468 -109.3780212 178.3883209
109.1800537 -178.0945587 -164.2624207 -109.1800537 178.0945587
108.9509659 -177.5869598 -166.4237061 -108.9509659 177.5869598
108.9725723 -177.0319214 -171.2482147 -108.9725723 177.0319214
108.9436493 -177.0548248 -171.7229919 -108.9436493 177.0548248
109.034729 -177.2340088 -176.3322296 -109.034729 177.2340088
109.065773 -177.3092499 -177.3321228 -109.065773 177.3092499
109.0800934 -177.3239594 -177.5170898 -109.0800934 177.3239594
109.2566147 -177.566925 -179.164093 -109.2566147 177.566925
110.0088882 -178.3392334 -182.7185669 -110.0088882 178.3392334
110.1756363 -178.4618683 -184.0192719 -110.1756363 178.4618683
110.5926132 -178.8249359 -185.7238922 -110.5926132 178.8249359
110.6626129 -178.9735107 -186.38591 -110.6626129 178.9735107
110.7217407 -179.0276794 -186.7308044 -110.7217407 179.0276794
110.9724808 -179.6920319 -191.826889 -110.9724808 179.6920319
110.6650314 -180.8046722 -196.1253357 -110.6650314 180.8046722
110.5776825 -180.9040222 -196.738205 -110.5776825 180.9040222
110.5122833 -181.3779755 -199.3776093 -110.5122833 181.3779755
110.5848236 -181.6600189 -200.4984131 -110.5848236 181.6600189
110.5529175 -181.9420471 -201.8225403 -110.5529175 181.9420471
110.5480118 -181.9682465 -202.0081024 -110.5480118 181.9682465
110.5337982 -181.9863129 -202.2342987 -110.5337982 181.9863129
110.4212799 -182.0755615 -203.0319824 -110.4212799 182.0755615
110.0049362 -183.5683136 -208.0699158 -110.0049362 183.5683136
109.243515 -185.9251404 -212.6645355 -109.243515 185.9251404
108.2738342 -189.5938568 -217.3958588 -108.2738342 189.5938568
107.7753448 -191.2264862 -219.0285492 -107.7753448 191.2264862
107.09095 -193.1052704 -220.4917908 -107.09095 193.1052704
106.9874649 -193.3125305 -220.6373901 -106.9874649 193.3125305
105.7250061 -196.392334 -222.9677277 -105.7250061 196.392334
105.2741699 -197.4294586 -223.7993164 -105.2741699 197.4294586
105.0896835 -197.7589111 -224.148407 -105.0896835 197.7589111
105.0889664 -197.7606201 -224.1499786 -105.0889664 197.7606201
105.0003357 -197.9725647 -224.3446655 -105.0003357 197.9725647
104.2867126 -199.731369 -225.749649 -104.2867126 199.731369
103.9285202 -200.5564575 -226.2873688 -103.9285202 200.5564575
103.7680893 -201.9470978 -227.0754395 -103.7680893 201.9470978
103.3347092 -203.3745422 -227.9495392 -103.3347092 203.3745422
102.9060669 -205.2546539 -229.4624939 -102.9060669 205.2546539
102.4609604 -206.9234467 -231.3910065 -102.4609604 206.9234467
102.2739487 -207.6191406 -232.0553284 -102.2739487 207.6191406
102.066185 -208.3691101 -232.8190002 -102.066185 208.3691101
101.8549805 -209.244812 -233.8104095 -101.8549805 209.244812
101.8323517 -209.295517 -233.8594818 -101.8323517 209.295517
100.7471466 -212.3773499 -237.9836121 -100.7471466 212.3773499
100.6631775 -212.6303558 -238.4127197 -100.6631775 212.6303558
100.5018616 -213.814621 -240.8960266 -100.5018616 213.814621
101.5309067 -216.2155762 -247.06604 -101.5309067 216.2155762
101.7092056 -217.0854034 -248.6939545 -101.7092056 217.0854034
101.7092133 -217.0854187 -248.693985 -101.7092133 217.0854187
101.7106171 -217.0900726 -248.7022858 -101.7106171 217.0900726
101.7836838 -217.5279236 -249.6504974 -101.7836838 217.5279236
101.8875885 -218.1080475 -250.818161 -101.8875885 218.1080475
102.0674057 -218.6548615 -252.054245 -102.0674057 218.6548615
102.2300034 -218.9886932 -252.8132172 -102.2300034 218.9886932
102.248558 -219.0183411 -252.8819275 -102.248558 219.0183411
102.3381271 -219.1896057 -253.2961273 -102.3381271 219.1896057
102.3985672 -219.3635864 -253.6942749 -102.3985672 219.3635864
102.631813 -220.3568268 -258.5206909 -102.631813 220.3568268
102.6688004 -220.403656 -259.0602112 -102.6688004 220.403656
102.7037582 -220.57164 -259.7952271 -102.7037582 220.57164
102.9045181 -220.7591553 -262.2314148 -102.9045181 220.7591553
102.7483826 -220.7115631 -263.3295288 -102.7483826 220.7115631
102.1854858 -220.4533539 -266.3903809 -102.1854858 220.4533539
102.1094131 -220.3803864 -267.1813049 -102.1094131 220.3803864
101.7809601 -219.8541412 -270.6228638 -101.7809601 219.8541412
101.5896606 -219.5727997 -271.7527161 -101.5896606 219.5727997
101.4783249 -219.3031311 -273.0055237 -101.4783249 219.3031311
101.1730347 -219.2093658 -274.2835388 -101.1730347 219.2093658
100.3699799 -218.2252808 -280.1572571 -100.3699799 218.2252808
100.3647232 -218.2222443 -280.1928101 -100.3647232 218.2222443
99.56827545 -216.8236694 -284.1569519 -99.56827545 216.8236694
99.56136322 -216.790741 -284.2289429 -99.56136322 216.790741
99.34541321 -215.4694366 -286.9082947 -99.34541321 215.4694366
99.15800476 -214.57547 -288.7266846 -99.15800476 214.57547
99.03688049 -214.1169128 -289.5858154 -99.03688049 214.1169128
99.01729584 -213.3672028 -291.2557983 -99.01729584 213.3672028
98.98300934 -211.966568 -293.7552185 -98.98300934 211.966568
98.97653198 -211.9484406 -293.8001709 -98.97653198 211.9484406
99.21389008 -210.1709442 -296.6992493 -99.21389008 210.1709442
99.26174927 -208.9490356 -298.3146057 -99.26174927 208.9490356
99.31044006 -206.7466736 -301.1146545 -99.31044006 206.7466736
99.30778503 -206.6898804 -301.1940002 -99.30778503 206.6898804
99.36497498 -205.4773102 -303.0576477 -99.36497498 205.4773102
99.34169006 -204.3709259 -304.3903198 -99.34169006 204.3709259
99.5734787 -202.8703308 -305.7999878 -99.5734787 202.8703308
99.83136749 -201.7933655 -306.7375488 -99.83136749 201.7933655
100.1921844 -200.2415161 -308.6314087 -100.1921844 200.2415161
100.5025177 -198.9879456 -310.8502197 -100.5025177 198.9879456
100.7906647 -197.0661316 -313.1225891 -100.7906647 197.0661316
100.8019257 -196.9994049 -313.2687683 -100.8019257 196.9994049
100.3587265 -195.3013611 -317.7366943 -100.3587265 195.3013611
99.97689819 -194.7357178 -318.7544861 -99.97689819 194.7357178
97.73062134 -193.9976807 -325.6981506 -97.73062134 193.9976807
97.63638306 -194.0073242 -325.8823853 -97.63638306 194.0073242
95.0667038 -195.10849 -332.3910828 -95.0667038 195.10849
94.40044403 -195.6782074 -333.5382385 -94.40044403 195.6782074
92.86499786 -197.5072479 -337.4442444 -92.86499786 197.5072479
92.08157349 -198.5362244 -338.8024292 -92.08157349 198.5362244
91.88767242 -198.7993164 -339.1246948 -91.88767242 198.7993164
90.84374237 -201.1109314 -341.1192627 -90.84374237 201.1109314
89.8822403 -202.5028687 -341.9908447 -89.8822403 202.5028687
89.56970978 -202.9315948 -342.197998 -89.56970978 202.9315948
88.91583252 -203.7625885 -342.5375061 -88.91583252 203.7625885
87.91027069 -205.1912079 -343.2698364 -87.91027069 205.1912079
87.17766571 -206.5992126 -343.9744873 -87.17766571 206.5992126
87.1545639 -206.6418915 -343.9978638 -87.1545639 206.6418915
86.89980316 -207.6296997 -344.5626831 -86.89980316 207.6296997
85.92224121 -210.3039551 -346.1022949 -85.92224121 210.3039551
85.75923157 -210.6405487 -346.3074036 -85.75923157 210.6405487
85.35318756 -211.5745087 -346.7437439 -85.35318756 211.5745087
85.0152359 -212.4641571 -347.1884155 -85.0152359 212.4641571
84.91986084 -212.673645 -347.2910156 -84.91986084 212.673645
83.95511627 -214.5974426 -348.4830322 -83.95511627 214.5974426
83.5818634 -215.4991608 -349.0774231 -83.5818634 215.4991608
82.59423828 -216.99263 -350.0074768 -82.59423828 216.99263
81.92852783 -217.9938354 -350.7574463 -81.92852783 217.9938354
81.36440277 -219.038681 -351.6196594 -81.36440277 219.038681
80.61190033 -220.2375336 -352.7466431 -80.61190033 220.2375336
79.85147858 -221.1357574 -353.7188721 -79.85147858 221.1357574
79.44721985 -221.7901154 -354.3927917 -79.44721985 221.7901154
79.16033173 -222.2917938 -354.766449 -79.16033173 222.2917938
78.98644257 -222.502121 -354.9647217 -78.98644257 222.502121
78.91134644 -222.5589142 -355.0606995 -78.91134644 222.5589142
77.75348663 -223.5765839 -357.1868286 -77.75348663 223.5765839
74.55157471 -225.5382843 -361.4951782 -74.55157471 225.5382843
73.45888519 -226.1295624 -363.6553345 -73.45888519 226.1295624
71.96552277 -227.0433197 -367.0374756 -71.96552277 227.0433197
71.67063904 -227.1715851 -367.5021667 -71.67063904 227.1715851
69.83204651 -227.2459412 -371.2122498 -69.83204651 227.2459412
69.3482666 -227.0933533 -371.853363 -69.3482666 227.0933533
68.08282471 -226.6705017 -374.0185852 -68.08282471 226.6705017
67.66905975 -226.4881897 -374.6032715 -67.66905975 226.4881897
67.43477631 -226.4350128 -374.9763184 -67.43477631 226.4350128
64.98252106 -223.7885132 -379.5087585 -64.98252106 223.7885132
64.40675354 -223.1434021 -380.4075012 -64.40675354 223.1434021
62.18680191 -220.9574738 -383.1067505 -62.18680191 220.9574738
60.85533142 -220.0376129 -384.1334839 -60.85533142 220.0376129
60.23031235 -219.6406555 -384.7199097 -60.23031235 219.6406555
59.15515137 -219.1305389 -385.4775391 -59.15515137 219.1305389
58.17685699 -218.7586975 -385.9351807 -58.17685699 218.7586975
57.45637512 -218.4344788 -386.2307739 -57.45637512 218.4344788
54.90745544 -217.2245178 -386.8319702 -54.90745544 217.2245178
54.32516098 -217.0463409 -386.8663025 -54.32516098 217.0463409
54.28286362 -217.0362396 -386.8735657 -54.28286362 217.0362396
51.31401825 -216.0875549 -387.133667 -51.31401825 216.0875549
46.26330566 -215.0655823 -387.794281 -46.26330566 215.0655823
45.2758522 -214.8143158 -387.7507629 -45.2758522 214.8143158
43.18545151 -214.6652679 -387.4664001 -43.18545151 214.6652679
40.88898087 -214.7900238 -387.3570862 -40.88898087 214.7900238
40.32503128 -214.7857666 -387.3019714 -40.32503128 214.7857666
37.2345314 -215.0952759 -386.848053 -37.2345314 215.0952759
36.54701233 -215.2704163 -386.7241516 -36.54701233 215.2704163
35.07824707 -215.5511627 -386.4798279 -35.07824707 215.5511627
34.78040695 -215.6390991 -386.5149536 -34.78040695 215.6390991
34.2562561 -215.897934 -386.5176392 -34.2562561 215.897934
31.08044624 -216.9547577 -386.8713074 -31.08044624 216.9547577
29.18954659 -217.6215668 -387.1742554 -29.18954659 217.6215668
28.00624466 -217.8841705 -387.4062 -28.00624466 217.8841705
24.33897972 -219.4940643 -387.6011353 -24.33897972 219.4940643
23.01811981 -219.9118958 -387.6505737 -23.01811981 219.9118958
22.64474297 -220.0650024 -387.7067871 -22.64474297 220.0650024
21.38193893 -220.6348267 -387.6348572 -21.38193893 220.6348267
20.08635902 -221.3668213 -387.5335693 -20.08635902 221.3668213
19.37932587 -221.6580963 -387.5766907 -19.37932587 221.6580963
18.01049614 -222.3224487 -387.4404907 -18.01049614 222.3224487
16.02651405 -223.2045593 -387.4610596 -16.02651405 223.2045593
15.99719715 -223.2171173 -387.4613647 -15.99719715 223.2171173
12.67371941 -224.3066406 -387.7770691 -12.67371941 224.3066406
11.10852432 -225.2299957 -388.0149231 -11.10852432 225.2299957
7.198354244 -226.3303528 -388.1341858 -7.198354244 226.3303528
6.720862389 -226.4049072 -388.1076965 -6.720862389 226.4049072
6.39162302 -226.4818878 -388.1012573 -6.39162302 226.4818878
2.819972992 -227.6790466 -388.5519714 -2.819972992 227.6790466
1.400120378 -227.9512024 -388.6064148 -1.400120378 227.9512024
1.17308259 -228.0200653 -388.6304321 -1.17308259 228.0200653
0.013278628 -228.2172241 -388.7521667 -0.013278628 228.2172241
-0.979985237 -228.2674255 -388.8656616 0.979985237 228.2674255
-1.116350293 -228.2605896 -388.8827209 1.116350293 228.2605896
-2.562060118 -228.3537598 -389.2492981 2.562060118 228.3537598
-4.613156319 -228.5140686 -389.6874695 4.613156319 228.5140686
-8.044246674 -228.8299866 -390.4726868 8.044246674 228.8299866
-8.956445694 -228.8023224 -390.7870789 8.956445694 228.8023224
-9.264600754 -228.7559814 -390.9635315 9.264600754 228.7559814
-9.823634148 -228.6900482 -391.2628174 9.823634148 228.6900482
-11.0987463 -228.6878357 -391.8311462 11.0987463 228.6878357
-14.08652782 -228.1128387 -393.0357361 14.08652782 228.1128387
-14.95282269 -228.0082245 -393.235199 14.95282269 228.0082245
-19.32564735 -227.2145844 -394.9065857 19.32564735 227.2145844
-20.06320763 -226.9731445 -395.1982117 20.06320763 226.9731445
-20.11120605 -226.9615479 -395.2069397 20.11120605 226.9615479
-21.74901581 -226.3347321 -395.6723633 21.74901581 226.3347321
-24.51293373 -225.536499 -396.3709106 24.51293373 225.536499
-25.3396225 -225.3849182 -396.6922607 25.3396225 225.3849182
-26.45438004 -225.1035767 -396.9121704 26.45438004 225.1035767
-32.37924194 -223.6551056 -397.5995178 32.37924194 223.6551056
-32.83325195 -223.4590759 -397.6122742 32.83325195 223.4590759
-35.83470154 -221.3654785 -398.6348572 35.83470154 221.3654785
-37.34347916 -220.3483582 -399.5099792 37.34347916 220.3483582
-39.51984024 -218.5280609 -400.617981 39.51984024 218.5280609
-39.8997612 -218.1587677 -400.835022 39.8997612 218.1587677
-41.8106575 -215.496521 -401.5575562 41.8106575 215.496521
-43.03004837 -207.4176178 -403.9819336 43.03004837 207.4176178
-42.11653137 -202.9106293 -404.9443054 42.11653137 202.9106293
-41.32879257 -200.5170593 -405.1373291 41.32879257 200.5170593
-41.29975891 -200.3141937 -405.1319885 41.29975891 200.3141937
-40.13722229 -198.7959137 -405.4262085 40.13722229 198.7959137
-37.10806274 -196.1802063 -405.8466187 37.10806274 196.1802063
-35.60641479 -194.6129913 -406.0874939 35.60641479 194.6129913
-34.02550888 -193.2955627 -406.1525269 34.02550888 193.2955627
-31.70334435 -190.8366852 -406.1109314 31.70334435 190.8366852
-30.92156601 -190.2399902 -406.2125244 30.92156601 190.2399902
-29.90106201 -189.2909546 -406.3531494 29.90106201 189.2909546
-29.08132553 -188.7356873 -406.396637 29.08132553 188.7356873
-28.61488342 -188.5181885 -406.3937683 28.61488342 188.5181885
-26.89339638 -187.8730316 -406.3410339 26.89339638 187.8730316
-26.02267075 -187.5964355 -406.2786865 26.02267075 187.5964355
-25.92237282 -187.589859 -406.2719421 25.92237282 187.589859
-25.40280914 -187.557724 -406.3297729 25.40280914 187.557724
-19.15683365 -186.4903107 -405.7637939 19.15683365 186.4903107
-17.70439148 -186.3072968 -405.9744263 17.70439148 186.3072968
-15.3109293 -186.2981415 -405.6479492 15.3109293 186.2981415
-11.89921188 -186.6268311 -404.9946594 11.89921188 186.6268311
-11.55093765 -186.6134644 -405.0099792 11.55093765 186.6134644
-9.12206459 -186.3333282 -404.6792297 9.12206459 186.3333282
-8.136681557 -186.3155212 -404.4351807 8.136681557 186.3155212
-5.991013527 -186.0437469 -404.287323 5.991013527 186.0437469
-4.707759857 -185.7256165 -404.2506714 4.707759857 185.7256165
-1.572436571 -184.2846375 -404.0418396 1.572436571 184.2846375
-1.54604733 -184.2714386 -404.04245 1.54604733 184.2714386
0.574649513 -183.2428131 -403.8735046 -0.574649513 183.2428131
1.007312179 -183.0450287 -403.8187561 -1.007312179 183.0450287
1.009007573 -183.0442657 -403.8185425 -1.009007573 183.0442657
4.00244236 -181.2975464 -403.3859863 -4.00244236 181.2975464
4.318828583 -181.0656891 -403.330719 -4.318828583 181.0656891
5.257515907 -180.3230286 -403.197876 -5.257515907 180.3230286
5.399589062 -180.1968842 -403.184082 -5.399589062 180.1968842
6.235691071 -179.3161469 -403.1203613 -6.235691071 179.3161469
8.014082909 -176.8274384 -403.0644531 -8.014082909 176.8274384
8.014431 -176.8269653 -403.0643616 -8.014431 176.8269653
8.021332741 -176.8175049 -403.0627136 -8.021332741 176.8175049
9.348284721 -174.0309906 -403.1695862 -9.348284721 174.0309906
10.17238617 -171.5331421 -403.0322266 -10.17238617 171.5331421
10.37400532 -171.0072174 -402.9663391 -10.37400532 171.0072174
10.52580357 -170.4089508 -402.871521 -10.52580357 170.4089508
11.0261898 -168.4604187 -402.3695068 -11.0261898 168.4604187
11.04176044 -168.325531 -402.3406982 -11.04176044 168.325531
10.95874596 -166.1493225 -401.6348572 -10.95874596 166.1493225
10.92106915 -165.3799744 -401.4786072 -10.92106915 165.3799744
9.042108536 -160.3315277 -399.6230164 -9.042108536 160.3315277
7.152809143 -158.035675 -398.5862122 -7.152809143 158.035675
3.80279398 -153.5875702 -396.8467102 -3.80279398 153.5875702
1.526762247 -152.1756744 -396.2631836 -1.526762247 152.1756744
-0.194306657 -150.9343872 -396.0038147 0.194306657 150.9343872
-1.398012757 -149.9691162 -396.1085815 1.398012757 149.9691162
-6.163171768 -146.3334808 -396.2821045 6.163171768 146.3334808
-6.407186985 -146.0601654 -396.3348999 6.407186985 146.0601654
-6.967418194 -145.3878937 -396.2901611 6.967418194 145.3878937
-7.987470627 -144.0735626 -396.1213379 7.987470627 144.0735626
-8.083416939 -143.9608002 -396.1105957 8.083416939 143.9608002
-8.524842262 -143.2665253 -395.8946228 8.524842262 143.2665253
-10.30395412 -141.3641663 -395.3654175 10.30395412 141.3641663
-11.10518551 -139.6871185 -395.0906067 11.10518551 139.6871185
-15.95706463 -134.8899536 -395.6873779 15.95706463 134.8899536
-17.99782372 -130.5936432 -397.8256226 17.99782372 130.5936432
-18.60552216 -129.0975952 -398.7206421 18.60552216 129.0975952
-18.79017448 -128.7339478 -399.0235596 18.79017448 128.7339478
-19.4839859 -126.96978 -400.2864075 19.4839859 126.96978
-18.19885063 -119.8542252 -405.8998108 18.19885063 119.8542252
-17.7879734 -117.5379715 -407.7079163 17.7879734 117.5379715
-16.85943031 -115.7052917 -409.7927246 16.85943031 115.7052917
-16.58925819 -115.4180832 -410.29245 16.58925819 115.4180832
-15.89570618 -114.3022232 -412.0574341 15.89570618 114.3022232
-15.49617767 -113.9547348 -412.8835754 15.49617767 113.9547348
-14.25842571 -113.4641266 -415.0649109 14.25842571 113.4641266
-14.17877293 -113.3827667 -415.3129578 14.17877293 113.3827667
-13.81827164 -113.151001 -416.3276062 13.81827164 113.151001
-11.76959038 -111.9981918 -420.4724426 11.76959038 111.9981918
-11.73292446 -111.9999466 -420.5367432 11.73292446 111.9999466
-11.44484138 -112.0470657 -421.070312 11.44484138 112.0470657
-10.68088531 -112.6366119 -423.974762 10.68088531 112.6366119
-9.23528862 -114.1415787 -429.0106506 9.23528862 114.1415787
-8.78856945 -114.6343002 -429.9084473 8.78856945 114.6343002
-7.941629887 -115.9520798 -433.2169189 7.941629887 115.9520798
-7.819027901 -116.2238617 -433.9903259 7.819027901 116.2238617
-7.387197018 -116.7827225 -434.8297424 7.387197018 116.7827225
-7.260438919 -123.6048584 -440.0179138 7.260438919 123.6048584
-7.914575577 -128.0458221 -444.5610657 7.914575577 128.0458221
-7.969079018 -130.4264069 -447.7579956 7.969079018 130.4264069
-8.829380035 -127.7618637 -452.1618958 8.829380035 127.7618637
