0,238156
0,08516188
0,114794
0,4151562
0,1193334
0,006587286
0,3110904
0,3267269
0,1829876
0,1152873
0,04309952
0,02084261
0,1421255
0,2433232
0,09405892
0,03006713
0,02970007
0,09612922
0,09527403
0,009499584
0,02918784
0,03427888
0,1036455
0,05620218
0,06942463
0,04834209
0,06558976
0,04976792
0,0007720405
0,123905
0,09842446
0,04991149
0,08932177
0,03591467
0,04279688
0,01433598
0,1282461
0,04566805
0,01054625
0,1082383
0,008119304
0,03565478
0,1309703
0,07866692
0,01245843
0,1025899
0,02895819
0,1060647
0,04141053
0,04512165
0,07517257
0,03615952
0,05629336
0,09149117
0,02925109
0,05437172
0,08887699
0,1594759
0,06587651
0,03258118
0,08275378
0,1125895
0,07552256
0,1595933
0,06729636
0,1189036
0,1547724
0,1145085
0,03371246
0,03645508
0,06201781
0,1187512
0,08820629
0,08072138
0,04246963
0,1129803
0,1006064
0,02493409
0,0815041
0,0903271
0,1005102
0,08050228
0,05228512
0,04392171
0,06946328
0,1764904
0,09912318
0,09873574
0,0376759
0,0783302
0,05135301
0,1077439
0,1003777
0,08116295
0,2877992
0,08212259
0,162664
0,08484385
0,07843296
0,06797194
0,2531856
0,1046209
0,1416133
0,155113
0,2677206
0,1640541
0,06102998
0,05301116
0,04250471
0,1859808
0,08999345
0,05512764
0,1258208
0,05016888
0,0999748
0,03339978
0,07899239
0,1160816
0,194611
0,2238889
0,2188519
0,1190221
0,1653211
0,08353323
0,09923635
0,08376935
0,254774
0,2631877
0,2858419
0,03139781
0,04532075
0,06649834
0,03879238
0,1299642
0,1469812
0,01021901
0,06471731
0,06320475
0,1485093
0,05844826
0,1027736
0,1481107
0,08642785
0,1470516
0,08412762
0,02276194
0,02138746
0,1059683
0,03982376
0,4279365
0,1630331
0,2371753
0,1846727
0,08962661
0,09128544
0,1147019
0,04949881
0,112495
0,1524679
0,06339697
0,2358119
0,04893178
0,06675975
0,1619007
0,1974496
0,1154282
0,03257752
0,03408354
0,1369473
0,01884819
0,0961671
0,07345538
0,09728052
0,0620207
0,09731549
0,06975722
0,04166602
0,04461535
0,07406442
0,08870155
0,04922822
0,08122395
0,1974362
0,0915466
0,05280716
0,07970974
0,1372509
0,003452671
0,1257315
0,04350022
0,07051928
0,03384482
0,0424303
0,07050997
0,04564324
0,08394015
0,1581833
0,05418495
0,1165499
0,04095013
0,2010344
0,1341799
0,01232858
0,05565518
0,03665243
0,07111651
0,101279
0,0509438
0,04126775
0,04515071
0,06304885
0,08625436
0,07180855
0,1361921
0,05652489
0,09368375
0,1068578
0,1707079
0,05167827
0,1115106
0,03967376
0,07853635
0,2162661
0,2135511
0,08314442
0,2236665
0,09610873
0,1481923
0,1002116
0,1005168
0,2459596
0,1521438
0,07576942
0,08758637
0,06634657
0,1295154
0,148684
0,1280409
0,1171736
0,04682457
0,03015622
0,1141485
0,06465184
0,03653839
0,07420686
0,256752
0,07425187
0,05378951
0,11565
0,2890439
0,4068929
0,3125333
0,08451474
0,2790905
0,2122739
0,1866144
0,09204274
0,1213354
0,1030469
0,06956797
0,1897749
0,4815275
0,157279
0,09615158
0,2169846
0,0917485
0,1746854
0,17208
0,364902
0,359632
0,03115383
0,1187135
0,1134567
0,396711
0,1698282
0,1406646
0,30923
0,06493904
0,1985637
0,1722536
0,1495766
0,09749629
0,05592988
0,1761465
0,108353
0,06145458
0,02705971
0,08921011
0,1789784
0,56196
0,3688948
0,09885298
0,3133554
0,1449494
0,1698899
0,3966295
0,07594323
0,1275967
0,1205003
0,05186257
0,1936405
0,08545359
0,1014827
0,2213898
0,09321746
0,08253356
0,08096863
0,05599489
0,06067715
0,1062806
0,1133999
0,09527403
0,09252009
0,08134581
0,1319293
0,06120076
0,1276852
0,06818486
0,06805088
0,07250386
0,05809928
0,04942165
0,02291073
0,03970531
0,0527009
0,06637713
0,08193564
0,1893893
0,07365085
0,04659479
0,06133023
0,3081278
0,1132786
0,1531747
0,04186588
0,05130654
0,1151598
0,04616411
0,06428732
0,05977999
0,07060128
0,07612371
0,008910326
0,1568793
0,04276343
0,2086731
0,05557369
0,02650775
0,08746704
0,169025
0,06567156
0,05471612
0,09270571
0,03961812
0,02558076
0,08363746
0,04370533
0,0573076
0,1974484
0,04985531
0,07630533
0,06549148
0,1063975
0,03604392
0,06460015
0,2301974
0,157492
0,2550123
0,1228428
0,1560067
0,1010405
0,06042598
0,1290559
0,06416659
0,1766665
0,06534377
0,1946018
0,1426899
0,0806748
0,1457859
0,2175603
0,05224063
0,08503003
0,07835761
0,2179631
0,2355791
0,1124892
0,1478565
0,1086755
0,1222841
0,07227888
0,08750252
0,04551766
0,1909615
0,07447249
0,06887686
0,07801039
0,05918039
0,04339867
0,06406333
0,05115872
0,1293288
0,05198545
0,06916551
0,05363629
0,09505448
0,01633755
0,1743215
0,1561716
0,0287951
0,04843081
0,06344681
0,08395152
0,05274049
0,07994817
0,08421553
0,03954582
0,1992963
0,08641335
0,06558522
0,1848456
0,06513348
0,1596608
0,05723679
0,01334099
0,03353516
0,07658395
0,07332776
0,06054037
0,05631243
0,1481475
0,1249945
0,05430587
0,1030735
0,1614571
0,1071531
0,1458031
0,06666408
0,2052706
0,1285194
0,09487785
0,07187415
0,01985243
0,1153966
0,09332881
0,1146321
0,08573596
0,02882821
0,04760503
0,06732915
0,02830652
0,0894533
0,02210293
0,05942376
0,04071358
0,08732568
0,07622475
0,09928266
0,1072578
0,1467751
0,08084989
0,1467127
0,03406255
0,1431394
0,05895422
0,06226927
0,06554792
0,03699566
0,1537043
0,001035801
0,09565922
0,1396718
0,06865391
0,03648124
0,06776892
0,1135693
0,08103861
0,05528859
0,08420207
0,04426382
0,04292763
0,08016655
0,05661239
0,0504155
0,08992445
0,1490778
0,1785587
0,06966052
0,2347808
0,08176578
0,1301191
0,07281176
0,0676394
0,04363707
0,163083
0,1654978
0,09787032
0,0539887
0,09246265
0,06328492
0,1410094
0,1004687
0,04867398
0,05968614
0,06863914
0,09489924
0,2112146
0,2162689
0,1848596
0,1129814
0,1122473
0,06325946
0,1341504
0,007548663
0,07608059
0,1344963
0,01686535
0,1064777
0,1044512
0,07487197
0,4768156
0,4819537
0,1196984
0,1691433
0,1215347
0,1786577
0,04474346
0,2024029
0,08315662
0,1619447
0,1023976
0,04338768
0,06811571
0,2519417
0,05951903
0,1132544
0,001337213
0,05589682
0,001381068
0,08889444
0,03007704
0,114015
0,06706463
0,1280978
0,1086408
0,06583303
0,08011965
0,0729411
0,03789207
0,1109214
0,08460014
0,09294813
0,0482124
0,06737698
0,05243773
0,07166884
0,1105395
0,104594
0,1140983
0,07606962
0,3835928
0,1739458
0,2079598
0,07043802
0,08880308
0,07780898
0,05149564
0,05909668
0,03824445
0,08567259
0,04532732
0,07572846
0,08063558
0,05358513
0,05829194
0,1117075
0,05666925
0,05542648
0,113896
0,06325192
0,1948568
0,1198714
0,094745
0,02825382
0,07762165
0,05829091
0,2303531
0,3133697
0,08381564
0,1363501
0,1013827
0,1121408
0,04125763
0,07442842
0,07231107
0,05903206
0,06375722
0,04813813
0,07677148
0,1118603
0,05578041
0,07679323
0,32613
0,3304187
0,08237001
0,2348505
0,2595344
0,2062389
0,3754831
0,1961045
0,4478257
0,06266646
0,06229034
0,004528138
0,01625708
0,000345267
0,04875232
0,001826981
0,07975838
0,04359469
0,07665248
0,06010137
0,06903602
0,001035801
0,07050405
0,07192559
0,0029701
0,03236639
0,07894327
0,09877564
0,04845912
0,08875401
0,05714085
0,07013928
0,09096448
0,05211033
0,05338555
0,1250003
0,03356359
0,05396439
0,1467995
0,06860002
0,03188391
0,04206195
0,06264838
0,1763746
0,1368333
0,09461639
0,2110496
0,1684817
0,06812096
0,1098855
0,1602028
0,09817241
0,07612606
0,1023877
0,05012726
0,03721898
0,09379519
0,07303918
0,02059519
0,1249242
0,05069152
0,01719783
0,1494193
0,04588558
0,1270056
0,1998018
0,1818135
0,2137341
0,04015771
0,01454648
0,03793139
0,08118354
0,2324719
0,2033929
0,05619369
0,08278623
0,127606
0,07889564
0,1959448
0,1068002
0,07376255
0,1865987
0,2681596
0,1410701
0,104422
0,1073296
0,07371077
0,07400882
0,09157594
0,09661857
0,00781252
0,0543443
0,1203723
0,06904639
0,07381187
0,043648
0,0307028
0,07438192
0,05132513
0,002042627
0,03757291
0,1037134
0,01742167
0,08716767
0,05415192
0,06777332
0,1213689
0,06162613
0,0838071
0,1074391
0,08296983
0,09873635
0,009174004
0,07662679
0,03765216
0,1275531
0,1010665
0,05831751
0,1527549
0,1153055
0,1365162
0,07073129
0,05045097
0,07333426
0,1044689
0,01334099
0,02811635
0,08487479
0,08335802
0,07297217
0,06886993
0,06796668
0,04014434
0,08389036
0,04094576
0,06278247
0,07374637
0,05859399
0,0747324
0,02451943
0,09492189
0,07428882
0,05405824
0,04238109
0,06275491
0,04168605
0,06446799
0,04377213
0,04439026
0,06108272
0,04160015
0,06740884
0,1248994
0,02660427
0,1046574
0,08520742
0,03098114
0,05555866
0,1997844
0,08498932
0,03958651
0,1112091
0,03781963
0,1028967
0,2197902
0,1503207
0,06648757
0,1056252
0,1174405
0,1266003
0,04806748
0,06658887
0,02293413
0,05928007
0,04569416
0,2060504
0,1913148
0,09859475
0,1309716
0,09534732
0,1931648
0,4603159
0,1759695
0,08492681
0,0603855
0,07201677
0,04990193
0,1410463
0,1469462
0,07020389
0,1003836
0,2937724
0,120745
0,05533279
0,08898772
0,06586111
0,01856138
0,1115925
0,08481359
0,1677557
0,09299179
0,1136156
0,1099034
0,06571423
0,05359292
0,0382943
0,07162138
0,1023486
0,1074647
0,1333396
0,05019146
0,102598
0,1916565
0,1306385
0,1263616
0,07225577
0,06643642
0,05093209
0,04123306
0,1241156
0,07964159
0,08890586
0,1041099
0,06207933
0,175555
0,0524957
0,1775012
0,0872238
0,1288107
0,1382942
0,1603313
0,1770808
0,1394919
0,08294322
0,1152402
0,1122872
0,1542705
0,1948904
0,1385857
0,1063879
0,1597939
0,03267072
0,1047709
0,06496935
0,119624
0,01443542
0,2436936
0,2903753
0,03913055
0,0413356
0,1541971
0,2098847
0,07917346
0,1095005
0,04373942
0,001504984
0,0857109
0,07586778
0,04090934
0,05424654
0,1115593
0,03931751
0,1288918
0,1012052
0,1891023
0,1652853
0,1200318
0,07021239
0,1918535
0,1974122
0,1160795
0,03293062
0,02333097
0,05034567
0,07781664
0,0386831
0,1265852
0,1247917
0,1273641
0,05386263
0,1026608
0,07081137
0,09715771
0,08841445
0,1004675
0,1220836
0,01448489
0,2068332
0,3990841
0,7954614
1,43382
0,06695157
0,1298611
0,1623165
0,2025964
0,1355183
0,2274705
0,002210788
0,2122495
0,0787018
0,1466422
0,06634837
0,0620005
0,1220185
0,1001001
0,07335297
0,01729806
0,001145121
0,04427325
0,1570925
0,00800843
0,5610634
1,28982
1,34514
0,02596701
0,05560158
0,1231038
0,05814853
0,02058071
0,05256267
0,05672079
0,1797438
0,5721806
0,6233504
0,02864774
0,03706489
0,1301806
0,1068332
0,07681732
0,07185339
0,06343271
0,04654742
0,07020049
0,05944283
0,09964461
0,08813115
0,3332571
0,09222737
0,09173094
0,1027939
0,2703318
0,04994374
0,09861837
0,1499868
0,2041737
0,08609924
0,2100188
0,04395699
0,1160929
0,05234667
0,1676472
0,2437872
0,0952427
0,1143049
0,03861368
0,01928895
0,06134093
0,1548172
0,06853216
0,05509193
0,04292624
0,1064822
0,09740563
0,1043872
0,07390314
0,2586839
0,1362974
0,1665966
0,1073485
0,1285701
0,1944448
0,05692021
0,07564411
0,02767183
0,03011071
0,03547374
0,06685171
0,086309
0,2766514
0,2391661
0,001035801
0,1365214
0,1804705
0,04629824
0,001655843
0,1707753
0,000845728
0,02289511
0,003966818
0,1214093
0,1508472
0,1515042
0,05928108
0,05376511
0,0007720405
0,1152231
0,119463
0,05729199
0,02314113
0,04043292
0,08468474
0,1416336
0,02604037
0,09644913
0,2638399
0,3082125
0,1950863
0,08492891
0,07172626
0,1677647
0,2017332
0,05523463
0,3039324
0,04777382
0,005502657
0,09286846
0,1264486
0,06365985
0,024189
0,253237
0,06962626
0,0511424
0,07682896
0,05588081
0,08616783
0,1238365
0,1936774
0,06791136
0,1405553
0,001582212
0,1974225
0,2467712
0,06653331
0,08167962
0,07591809
0,05311006
0,08512473
0,3260943
0,07235395
0,1095256
0,1003825
0,208714
0,2039911
0,1364728
0,09468513
0,2587253
0,1695988
0,0827134
0,1431912
0,1503999
0
0
0
0
0
0
0
0
0
0
0
0
0
0
0
0
0
0
0
0
0
0
0
0
0
0
0
0
0
0
0
0
0
0
0
0
0
0
0
0
0
0
0
0
0
0
0
0
0
0
0
0
0
0
0
0
0
0
0
0
0
0
0
0
0
0
0
0
0
0
0
0
0
0
0
0
0
0
0
0
0
0
0
0
0
0
0
0
0
0
0
0
0
0
0
0
0
0
0
0
0
0
0
0
0
0
0
0
0
0
0
0
0
0
0
0
0
0
0
0
0
0
0
0
0
0
0
0
0
0
0
0
0
0
0
0
0
0
0
0
0
0
0
0
0
0
0
0
0
0
0
0
0
0
0
0
0
0
0
0
0
0
0
0
0
0
0
0
0
0
0
0
0
0
0
0
0
0
0
0
0
0
0
0
0
0
0
0
0
0
0
0
0
0
0
0
0
0
0
0
0
0
0
0
0
0
0
0
0
0
0
0
0
0
0
0
0
0
0
0
0
0
0
0
0
0
0
0
0
0
0
0
0
0
0
0
0
0
0
0
0
0
0
0
0
0
0
0
0
0
0
0
0
0
0
0
0
0
0
0
0
0
0
0
0
0
0
0
0
0
0
0
0
0
0
0
0
0
0
0
0
0
0
0
0
0
0
0
0
0
0
0
0
0
0
0
0
0
0
0
0
0
0
0
0
0
0
0
0
0
0
0
0
0
0
0
0
0
0
0
0
0
0
0
0
0
0
0
0
0
0
0
0
0
0
0
0
0
0
0
0
0
0
0
0
0
0
0
0
0
0
0
0
0
0
0
0
0
0
0
0
0
0
0
0
0
0
0
0
0
0
0
0
0
0
0
0
0
0
0
0
0
0
0
0
0
0
0
0
0
0
0
0
0
0
0
0
0
0
0
0
0
0
0
0
0
0
0
0
0
0
0
0
0
0
0
0
0
0
0
0
0
0
0
0
0
0
0
0
0
0
0
0
0
0
0
0
0
0
0
0
0
0
0
0
0
0
0
0
0
0
0
0
0
0
0
0
0
0
0
0
0
0
0
0
0
0
0
0
0
0
0
0
0
0
0
0
0
0
0
0
0
0
0
0
0
0
0
0
0
0
0
0
0
0
0
0
0
0
0
0
0
0
0
0
0
0
0
0
0
0
0
0
0
0
0
0
0
0
0
0
0
0
0
0
0
0
0
0
0
0
0
0
0
0
0
0
0
0
0
0
0
0
0
0
0
0
0
0
0
0
0
0
0
0
0
0
0
0
0
0
0
0
0
0
0
0
0
0
0
0
0
0
0
0
0
0
0
0
0
0
0
0
0
0
0
0
0
0
0
0
0
0
0
0
0
0
0
0
0
0
0
0
0
0
0
0
0
0
0
0
0
0
0
0
0
0
0
0
0
0
0
0
0
0
0
0
0
0
0
0
0
0
0
0
0
0
0
0
0
0
0
0
0
0
0
0
0
0
0
0
0
0
0
0
0
0
0
0
0
0
0
0
0
0
0
0
0
0
0
0
0
0
0
0
0
0
0
0
0
0
0
0
0
0
0
0
0
0
0
0
0
0
0
0
0
0
0
0
0
0
0
0
0
0
0
0
0
0
0
0
0
0
0
0
0
0
0
0
0
0
0
0
0
0
0
0
0
0
0
0
0
0
0
0
0
0
0
0
0
0
0
0
0
0
0
0
0
0
0
0
0
0
0
0
0
0
0
0
0
0
0
0
0
0
0
0
0
0
0
0
0
0
0
0
0
0
0
0
0
0
0
0
0
0
0
0
0
0
0
0
0
0
0
0
0
0
0
0
0
0
0
0
0
0
0
0
0
0
0
0
0
0
0
0
0
0
0
0
0
0
0
0
0
0
0
0
0
0
0
0
0
0
0
0
0
0
0
0
0
0
0
0
0
0
0
0
0
0
0
0
0
0
0
0
0
0
0
0
0
0
0
0
0
0
0
0
0
0
0
0
0
0
0
0
0
0
0
0
0
0
0
0
0
0
0
0
0
0
0
0
0
0
0
0
0
0
0
0
0
0
0
0
0
0
0
0
0
0
0
0
0
0
0
0
0
0
0
0
0
0
0
0
0
0
0
0
0
0
0
0
0
0
0
0
0
0
0
0
0
0
0
0
0
0
0
0
0
