8.306396484 -283.3734741 -360.8755798 283.3734741 -8.306396484
6.178170204 -282.3832397 -359.9544067 282.3832397 -6.178170204
4.4850173 -281.5548401 -359.5235291 281.5548401 -4.4850173
3.361141682 -281.1107483 -359.0873108 281.1107483 -3.361141682
2.91756916 -280.9224854 -358.9553833 280.9224854 -2.91756916
1.515150309 -280.5593567 -358.6945801 280.5593567 -1.515150309
-0.274387032 -279.6950378 -358.6774292 279.6950378 0.274387032
-0.561123371 -279.553009 -358.7048645 279.553009 0.561123371
-2.26330471 -278.9691162 -358.7796326 278.9691162 2.26330471
-2.45122385 -278.9449463 -358.7827454 278.9449463 2.45122385
-5.113579273 -278.0231934 -358.9359741 278.0231934 5.113579273
-6.609613419 -277.3483887 -359.0980835 277.3483887 6.609613419
-6.690752029 -277.3197632 -359.1127625 277.3197632 6.690752029
-7.009384155 -277.212738 -359.145874 277.212738 7.009384155
-7.205143452 -277.074707 -359.1335449 277.074707 7.205143452
-7.574811459 -276.8551636 -359.1259155 276.8551636 7.574811459
-8.003347397 -276.5811462 -359.0956726 276.5811462 8.003347397
-10.33486176 -275.2954712 -359.0423889 275.2954712 10.33486176
-10.64815044 -275.1174927 -359.0059814 275.1174927 10.64815044
-12.1432476 -274.3069458 -358.9427185 274.3069458 12.1432476
-15.87886906 -273.0664673 -358.0971985 273.0664673 15.87886906
-15.88322639 -273.0646057 -358.0970459 273.0646057 15.88322639
-16.09674454 -272.9732971 -358.0899353 272.9732971 16.09674454
-18.14610291 -272.0541382 -357.7041931 272.0541382 18.14610291
-19.07513237 -271.6877747 -357.4799805 271.6877747 19.07513237
-19.27865601 -271.6380005 -357.4000244 271.6380005 19.27865601
-21.16469383 -271.0258179 -356.8669128 271.0258179 21.16469383
-21.34449387 -270.9534302 -356.8031006 270.9534302 21.34449387
-24.86254883 -269.7059937 -355.7331238 269.7059937 24.86254883
-25.53731728 -269.466156 -355.5862122 269.466156 25.53731728
-26.26075935 -269.2501221 -355.4385071 269.2501221 26.26075935
-28.96389389 -268.6474304 -354.9074707 268.6474304 28.96389389
-31.29526138 -268.7152405 -354.6107788 268.7152405 31.29526138
-35.73187637 -268.7398987 -354.0749512 268.7398987 35.73187637
-37.1207428 -268.7968445 -353.9814148 268.7968445 37.1207428
-40.28463745 -268.7944641 -354.1466675 268.7944641 40.28463745
-40.28777695 -268.79422 -354.1466675 268.79422 40.28777695
-40.54619217 -268.7752686 -354.147522 268.7752686 40.54619217
-42.38588333 -268.7081604 -354.2098389 268.7081604 42.38588333
-46.4842186 -267.3897705 -353.7919312 267.3897705 46.4842186
-47.30390549 -267.1238708 -353.756073 267.1238708 47.30390549
-50.20116043 -265.7091675 -353.144989 265.7091675 50.20116043
-51.78742218 -264.5768127 -352.8521118 264.5768127 51.78742218
-52.43855286 -264.1687927 -352.7677307 264.1687927 52.43855286
-56.82785797 -261.88974 -352.3599243 261.88974 56.82785797
-56.84699249 -261.8792114 -352.3623657 261.8792114 56.84699249
-59.54009628 -259.9789124 -351.7755127 259.9789124 59.54009628
-61.63142014 -258.2246094 -351.9783936 258.2246094 61.63142014
-62.30994415 -257.5402222 -352.0801086 257.5402222 62.30994415
-63.59341431 -256.3064575 -352.2495117 256.3064575 63.59341431
-63.89602661 -255.9677429 -352.2382812 255.9677429 63.89602661
-64.94317627 -254.5970154 -352.1336975 254.5970154 64.94317627
-65.24746704 -254.2288361 -352.0984192 254.2288361 65.24746704
-66.07427216 -253.2131653 -352.0305176 253.2131653 66.07427216
-66.09924316 -253.1834869 -352.0306396 253.1834869 66.09924316
-67.25009918 -251.6233978 -351.840332 251.6233978 67.25009918
-67.25325012 -251.6191559 -351.8404236 251.6191559 67.25325012
-67.4471817 -251.3582306 -351.846283 251.3582306 67.4471817
-69.2290802 -249.1256104 -351.7797852 249.1256104 69.2290802
-70.50250244 -247.3348846 -351.6822815 247.3348846 70.50250244
-70.64331818 -247.1534271 -351.7056274 247.1534271 70.64331818
-71.54066467 -245.7957458 -351.6582336 245.7957458 71.54066467
-71.54283142 -245.7926636 -351.6585693 245.7926636 71.54283142
-71.67608643 -245.6033325 -351.6782837 245.6033325 71.67608643
-71.68237305 -245.594696 -351.6790161 245.594696 71.68237305
-72.46170807 -244.5234528 -351.770874 244.5234528 72.46170807
-72.4648056 -244.518158 -351.7704468 244.518158 72.4648056
-72.65523529 -244.1929321 -351.744812 244.1929321 72.65523529
-73.31060028 -243.038559 -351.713501 243.038559 73.31060028
-73.73814392 -242.054718 -351.5296021 242.054718 73.73814392
-73.74092865 -242.0488739 -351.5293579 242.0488739 73.74092865
-74.08620453 -241.3248901 -351.499939 241.3248901 74.08620453
-74.63279724 -240.2347717 -351.1558228 240.2347717 74.63279724
-75.44852448 -239.3401947 -350.6877747 239.3401947 75.44852448
-76.47325897 -238.1445618 -349.926178 238.1445618 76.47325897
-78.43671417 -235.6629028 -348.6105347 235.6629028 78.43671417
-79.3368454 -234.4949493 -348.0545349 234.4949493 79.3368454
-79.97797394 -233.7154694 -347.6678162 233.7154694 79.97797394
-81.55281067 -231.8177795 -346.79953 231.8177795 81.55281067
-82.01535034 -231.181488 -346.4810791 231.181488 82.01535034
-82.92687225 -229.8106384 -345.8927612 229.8106384 82.92687225
-84.73180389 -226.8682709 -343.8477173 226.8682709 84.73180389
-84.93299866 -226.6243744 -343.6779785 226.6243744 84.93299866
-85.34233093 -225.9844055 -343.2817688 225.9844055 85.34233093
-85.9197998 -224.8182678 -342.3547668 224.8182678 85.9197998
-86.35787201 -224.1826782 -341.877655 224.1826782 86.35787201
-87.27793884 -221.5107269 -339.5496826 221.5107269 87.27793884
-87.42407227 -221.1610565 -339.2001953 221.1610565 87.42407227
-87.86329651 -219.4669342 -337.561615 219.4669342 87.86329651
-88.16579437 -218.0280457 -335.9067993 218.0280457 88.16579437
-88.22236633 -217.0900726 -334.7400513 217.0900726 88.22236633
-88.34339905 -215.3122101 -332.3232727 215.3122101 88.34339905
-88.40433502 -214.348938 -330.8511047 214.348938 88.40433502
-88.82279205 -211.6334229 -327.052948 211.6334229 88.82279205
-89.14990234 -210.8679352 -325.7243042 210.8679352 89.14990234
-89.15628052 -210.8483582 -325.6882324 210.8483582 89.15628052
-89.19065094 -210.7443542 -325.4874878 210.7443542 89.19065094
-89.48230743 -210.0379028 -324.0241394 210.0379028 89.48230743
-89.70492554 -209.7051392 -323.3595886 209.7051392 89.70492554
-90.54815674 -207.7784882 -320.0300293 207.7784882 90.54815674
-91.0262146 -207.0767059 -317.5692444 207.0767059 91.0262146
-91.09410095 -206.1087799 -313.9268188 206.1087799 91.09410095
-91.10211182 -205.7930756 -312.4380188 205.7930756 91.10211182
-90.87106323 -205.4066925 -309.3323975 205.4066925 90.87106323
-90.86821747 -205.400116 -309.2935791 205.400116 90.86821747
-90.25868225 -205.2857819 -306.8589172 205.2857819 90.25868225
-89.05365753 -205.4862976 -302.0681458 205.4862976 89.05365753
-88.84054565 -205.27005 -299.7205811 205.27005 88.84054565
-88.78911591 -205.3047333 -299.1302185 205.3047333 88.78911591
-88.49956512 -205.4940338 -297.4519958 205.4940338 88.49956512
-88.49616241 -205.4977417 -297.4272461 205.4977417 88.49616241
-88.46061707 -205.2393341 -294.6618652 205.2393341 88.46061707
-88.47837067 -205.2255707 -294.4581604 205.2255707 88.47837067
-88.79256439 -204.6665192 -290.9833679 204.6665192 88.79256439
-89.11914063 -204.306076 -289.162262 204.306076 89.11914063
-89.67049408 -204.1115723 -288.1897583 204.1115723 89.67049408
-90.43144989 -203.6925659 -286.807312 203.6925659 90.43144989
-92.12657166 -203.0289154 -283.355957 203.0289154 92.12657166
-92.53639221 -202.8060913 -282.4369202 202.8060913 92.53639221
-92.72881317 -202.6890717 -281.907959 202.6890717 92.72881317
-92.79798889 -202.641449 -281.730896 202.641449 92.79798889
-93.25485229 -202.3059387 -280.3143616 202.3059387 93.25485229
-93.3916626 -202.1930542 -279.7632141 202.1930542 93.3916626
-93.71237183 -201.7821503 -277.8478394 201.7821503 93.71237183
-94.13078308 -201.5490265 -275.6546631 201.5490265 94.13078308
-94.23293304 -201.4926147 -274.2824707 201.4926147 94.23293304
-94.31604004 -201.3947601 -272.0569458 201.3947601 94.31604004
-94.36151123 -201.3710022 -271.3473511 201.3710022 94.36151123
-94.35181427 -201.3777161 -271.328186 201.3777161 94.35181427
-94.59374237 -201.7731781 -269.0273743 201.7731781 94.59374237
-94.71936035 -201.7655487 -266.718689 201.7655487 94.71936035
-94.71851349 -201.7611237 -266.2839355 201.7611237 94.71851349
-94.63454437 -201.7228241 -264.6911011 201.7228241 94.63454437
-94.57724762 -201.6799927 -262.9057007 201.6799927 94.57724762
-94.57405853 -201.6935577 -262.4269714 201.6935577 94.57405853
-94.45445251 -201.8414459 -261.157074 201.8414459 94.45445251
-94.44771576 -201.8629456 -261.0075378 201.8629456 94.44771576
-94.33145905 -202.1413727 -259.2603149 202.1413727 94.33145905
-94.3469696 -202.1327515 -259.2536011 202.1327515 94.3469696
-93.85559845 -201.2723236 -257.9237061 201.2723236 93.85559845
-93.85554504 -201.2723236 -257.9234619 201.2723236 93.85554504
-93.85106659 -201.2724915 -257.9029846 201.2724915 93.85106659
-93.48980713 -201.6466675 -255.4312897 201.6466675 93.48980713
-93.48869324 -201.6478882 -255.4248505 201.6478882 93.48869324
-93.42004395 -201.7234192 -255.0288849 201.7234192 93.42004395
-93.34902191 -201.8087158 -254.572464 201.8087158 93.34902191
-92.78213501 -202.3791656 -252.0446777 202.3791656 92.78213501
-92.76239777 -202.4187469 -251.8804321 202.4187469 92.76239777
-92.54579926 -202.8735809 -250.6369934 202.8735809 92.54579926
-92.47335815 -203.062439 -250.0449829 203.062439 92.47335815
-92.42669678 -203.3193359 -249.1876068 203.3193359 92.42669678
-92.4124527 -203.3404846 -249.050354 203.3404846 92.4124527
-92.23532104 -203.6093597 -247.8513641 203.6093597 92.23532104
-92.23535919 -203.6101532 -247.8492584 203.6101532 92.23535919
-92.23703003 -203.6426849 -247.7633972 203.6426849 92.23703003
-92.27953339 -203.7056122 -247.3459625 203.7056122 92.27953339
-92.27391815 -203.8036499 -246.9164429 203.8036499 92.27391815
-91.72489166 -204.0421906 -242.4408722 204.0421906 91.72489166
-90.96033478 -204.6044617 -239.2525177 204.6044617 90.96033478
-90.67521667 -205.0749969 -236.5103912 205.0749969 90.67521667
-90.3266449 -205.3709412 -234.391861 205.3709412 90.3266449
-90.3266449 -205.3709564 -234.391861 205.3709564 90.3266449
-90.32633209 -205.371933 -234.3909149 205.371933 90.32633209
-90.115242 -206.7485504 -231.4065247 206.7485504 90.115242
-90.11872864 -206.7967987 -231.2110291 206.7967987 90.11872864
-90.14631653 -207.0148468 -230.3460846 207.0148468 90.14631653
-89.91729736 -207.6343842 -227.9178009 207.6343842 89.91729736
-89.76006317 -207.8226624 -227.1228333 207.8226624 89.76006317
-89.64529419 -207.9936981 -226.1790619 207.9936981 89.64529419
-89.04993439 -208.5011749 -223.5118866 208.5011749 89.04993439
-88.97659302 -208.6044464 -223.0377045 208.6044464 88.97659302
-87.99501801 -209.8461914 -218.864212 209.8461914 87.99501801
-87.69203186 -210.1462097 -217.8343964 210.1462097 87.69203186
-87.44680023 -210.6480255 -216.3361969 210.6480255 87.44680023
-87.2868042 -212.0702057 -212.7484131 212.0702057 87.2868042
-87.26805115 -212.1083832 -212.6406403 212.1083832 87.26805115
-87.16251373 -212.3858185 -211.9238892 212.3858185 87.16251373
-87.1121521 -212.5396118 -211.6036835 212.5396118 87.1121521
-87.10998535 -212.5498505 -211.5821533 212.5498505 87.10998535
-86.8443985 -213.5513458 -209.4871826 213.5513458 86.8443985
-86.81806183 -213.6879425 -209.213913 213.6879425 86.81806183
-86.34435272 -214.7645111 -207.1505127 214.7645111 86.34435272
-86.29881287 -214.8085022 -207.0112305 214.8085022 86.29881287
-85.65176392 -215.7844849 -205.2539673 215.7844849 85.65176392
-85.41103363 -216.2311707 -204.5648346 216.2311707 85.41103363
-85.37646484 -216.2831726 -204.4963837 216.2831726 85.37646484
-84.15843964 -217.4350891 -202.3428955 217.4350891 84.15843964
-82.73621368 -218.8899384 -200.5508728 218.8899384 82.73621368
-81.97114563 -219.8546448 -199.3088837 219.8546448 81.97114563
-81.78533936 -220.2053833 -198.9073944 220.2053833 81.78533936
-81.74369049 -220.2779541 -198.8278503 220.2779541 81.74369049
-81.62424469 -220.4406128 -198.6623535 220.4406128 81.62424469
-81.29842377 -220.954483 -198.1747284 220.954483 81.29842377
-81.02367401 -221.3647003 -197.8072662 221.3647003 81.02367401
-79.70495605 -223.1614838 -195.8998718 223.1614838 79.70495605
-79.70375824 -223.1635742 -195.8978119 223.1635742 79.70375824
-79.65496063 -223.2484436 -195.8139496 223.2484436 79.65496063
-78.48001862 -225.1191101 -193.7932587 225.1191101 78.48001862
-78.36346436 -225.2556458 -193.6200256 225.2556458 78.36346436
-77.35639191 -226.2438354 -192.1172943 226.2438354 77.35639191
-76.85915375 -226.5613403 -191.6477051 226.5613403 76.85915375
-75.7888031 -227.3141937 -190.2368774 227.3141937 75.7888031
-75.28362274 -227.6955414 -189.5995789 227.6955414 75.28362274
-73.60768127 -229.0126038 -187.2895355 229.0126038 73.60768127
-72.81648254 -229.8754425 -186.550827 229.8754425 72.81648254
-70.10966492 -231.9742584 -185.2172089 231.9742584 70.10966492
-68.58930969 -233.1242828 -184.4950104 233.1242828 68.58930969
-64.37172699 -236.1660156 -183.1976318 236.1660156 64.37172699
-63.61146545 -236.6511841 -183.0049591 236.6511841 63.61146545
-62.01696396 -237.6959534 -182.8014069 237.6959534 62.01696396
-61.01185989 -238.327179 -182.6427917 238.327179 61.01185989
-60.31578827 -238.7795715 -182.6645355 238.7795715 60.31578827
-58.59370422 -240.0526428 -182.909668 240.0526428 58.59370422
-58.43228149 -240.1557617 -182.9555817 240.1557617 58.43228149
-54.61876678 -243.5836029 -184.8347015 243.5836029 54.61876678
-53.66722488 -244.3764954 -185.5141296 244.3764954 53.66722488
-53.05276108 -245.0062103 -186.0791931 245.0062103 53.05276108
-52.29910278 -245.9336853 -187.0051422 245.9336853 52.29910278
-51.48949432 -247.0079498 -188.2266998 247.0079498 51.48949432
-51.45895767 -247.0663147 -188.2963867 247.0663147 51.45895767
-50.54601669 -248.7407227 -191.2041779 248.7407227 50.54601669
-50.31578445 -249.8544922 -193.0272369 249.8544922 50.31578445
-50.28596115 -249.9774017 -193.3101501 249.9774017 50.28596115
-50.18192673 -250.3306122 -194.5321655 250.3306122 50.18192673
-50.16713715 -250.9331207 -197.0137329 250.9331207 50.16713715
-50.2661438 -251.0645752 -197.5696564 251.0645752 50.2661438
-50.59877777 -251.621994 -199.470993 251.621994 50.59877777
-50.69264603 -251.7393036 -200.4253235 251.7393036 50.69264603
-50.88887024 -252.0247803 -201.9981232 252.0247803 50.88887024
-51.64794922 -252.4780884 -205.4571075 252.4780884 51.64794922
-51.79445648 -252.5577545 -206.4794006 252.5577545 51.79445648
-52.09965515 -252.559967 -208.2915344 252.559967 52.09965515
-52.16353989 -252.562912 -208.5053101 252.562912 52.16353989
-52.23042679 -252.5643005 -208.6998749 252.5643005 52.23042679
-52.42863083 -252.5406036 -209.2442627 252.5406036 52.42863083
-52.86469269 -252.4807281 -210.7452698 252.4807281 52.86469269
-53.33195114 -252.3064728 -212.2678986 252.3064728 53.33195114
-53.67741013 -252.2970581 -213.1416626 252.2970581 53.67741013
-54.10799408 -252.1242676 -214.2981415 252.1242676 54.10799408
-54.14928055 -252.125061 -214.3777161 252.125061 54.14928055
-54.28177261 -252.1334534 -214.712326 252.1334534 54.28177261
-54.91267776 -252.1019897 -216.1917114 252.1019897 54.91267776
-55.12542725 -252.0744019 -216.9587097 252.0744019 55.12542725
-55.22566605 -252.1013489 -217.3146362 252.1013489 55.22566605
-55.30574036 -252.0967102 -217.5552063 252.0967102 55.30574036
-55.44415283 -252.0846252 -218.0978241 252.0846252 55.44415283
-55.51163483 -252.0723877 -218.3359985 252.0723877 55.51163483
-55.82242584 -252.0769043 -219.4577484 252.0769043 55.82242584
-56.06178284 -252.0888367 -220.1457672 252.0888367 56.06178284
-56.31561661 -252.1267395 -221.2487488 252.1267395 56.31561661
-56.58350372 -252.0565796 -222.2078094 252.0565796 56.58350372
-56.85131836 -252.0687866 -223.0392151 252.0687866 56.85131836
-57.0347023 -252.1929321 -224.0250244 252.1929321 57.0347023
-57.27035141 -252.2504883 -224.9973755 252.2504883 57.27035141
-57.36507034 -252.2556458 -225.6797485 252.2556458 57.36507034
-57.44128418 -252.2619171 -226.1652069 252.2619171 57.44128418
-57.44732285 -252.2653503 -226.2159424 252.2653503 57.44732285
-57.4889183 -252.3764343 -227.5892792 252.3764343 57.4889183
-57.47205353 -252.424408 -228.3995514 252.424408 57.47205353
-57.58319855 -252.7963867 -230.7204132 252.7963867 57.58319855
-56.94117737 -253.5361023 -233.4148102 253.5361023 56.94117737
-56.70195007 -254.013504 -234.7045441 254.013504 56.70195007
-56.54152679 -254.2679291 -235.326828 254.2679291 56.54152679
-56.47108078 -254.3938141 -235.7858124 254.3938141 56.47108078
-56.41761398 -254.4654083 -235.9768219 254.4654083 56.41761398
-56.38484573 -254.5214691 -236.1111908 254.5214691 56.38484573
-55.96083069 -255.0995483 -237.4105377 255.0995483 55.96083069
-55.22252274 -255.9551086 -239.2552032 255.9551086 55.22252274
-55.09843063 -256.1159668 -239.5344696 256.1159668 55.09843063
-52.91596985 -257.9788818 -242.6363068 257.9788818 52.91596985
-52.69895935 -258.1243896 -242.738739 258.1243896 52.69895935
-49.97011948 -259.8199158 -244.7722778 259.8199158 49.97011948
-49.43700027 -260.1372375 -245.2521667 260.1372375 49.43700027
-48.67937088 -260.5579224 -245.7596588 260.5579224 48.67937088
-45.35055923 -262.149353 -247.5289459 262.149353 45.35055923
-42.06832504 -263.4995422 -248.4846954 263.4995422 42.06832504
-41.4428215 -263.7280579 -248.525238 263.7280579 41.4428215
-41.16531754 -263.8152771 -248.54245 263.8152771 41.16531754
-39.53757095 -264.4272766 -248.6841278 264.4272766 39.53757095
-39.15607071 -264.5632019 -248.7109985 264.5632019 39.15607071
-37.87575531 -264.9975281 -248.7129211 264.9975281 37.87575531
-35.32746506 -265.7292786 -248.7375336 265.7292786 35.32746506
-34.44852829 -266.0604858 -248.6543732 266.0604858 34.44852829
-33.25960159 -266.4179077 -248.4229584 266.4179077 33.25960159
-31.44023705 -266.9721069 -247.8557129 266.9721069 31.44023705
-30.21689034 -267.4394531 -247.4705353 267.4394531 30.21689034
-28.50147247 -267.8957214 -246.7213593 267.8957214 28.50147247
-28.35100365 -267.9311523 -246.6115265 267.9311523 28.35100365
-28.35090446 -267.9311829 -246.6114655 267.9311829 28.35090446
-28.34268188 -267.9339294 -246.6059875 267.9339294 28.34268188
-27.0054245 -268.5552368 -245.5440521 268.5552368 27.0054245
-26.29853439 -268.8508911 -245.0192871 268.8508911 26.29853439
-26.152668 -268.9264526 -244.9184875 268.9264526 26.152668
-25.78615379 -269.0504456 -244.5870361 269.0504456 25.78615379
-25.73894501 -269.0658264 -244.5395355 269.0658264 25.73894501
-24.42757988 -269.5072327 -243.1333771 269.5072327 24.42757988
-23.56092072 -269.7113647 -242.1193085 269.7113647 23.56092072
-23.02869415 -269.7579651 -241.4463501 269.7579651 23.02869415
-22.58994865 -269.7997437 -240.9200897 269.7997437 22.58994865
-21.92473221 -269.7578735 -239.9815369 269.7578735 21.92473221
-20.65229988 -269.8079224 -238.0488586 269.8079224 20.65229988
-20.05199814 -269.8771973 -237.132812 269.8771973 20.05199814
-19.98083305 -269.8865356 -237.0082092 269.8865356 19.98083305
-19.58124733 -269.9047546 -236.2892609 269.9047546 19.58124733
-19.32705116 -269.9231567 -235.8729858 269.9231567 19.32705116
-19.25639725 -269.9317627 -235.7707214 269.9317627 19.25639725
-18.91466141 -269.991333 -235.2387085 269.991333 18.91466141
-18.72124672 -270.0050964 -234.9195404 270.0050964 18.72124672
-18.50099564 -270.0027771 -234.5576782 270.0027771 18.50099564
-18.15514946 -270.0083008 -234.0509033 270.0083008 18.15514946
-17.92136383 -270.0276794 -233.6539764 270.0276794 17.92136383
-17.60701942 -270.0157776 -233.1972961 270.0157776 17.60701942
-17.36579323 -270.0132446 -232.8322906 270.0132446 17.36579323
-16.02314949 -269.8155212 -230.7736053 269.8155212 16.02314949
-15.84072018 -269.7705688 -230.5029907 269.7705688 15.84072018
-15.07343578 -269.6802673 -229.4293213 269.6802673 15.07343578
-15.04393387 -269.6776733 -229.3929901 269.6776733 15.04393387
-14.59498405 -269.6107178 -228.8177643 269.6107178 14.59498405
-14.02649593 -269.5082703 -227.9476471 269.5082703 14.02649593
-12.41831398 -269.0969238 -225.4146271 269.0969238 12.41831398
-12.21161079 -269.0438538 -225.0350189 269.0438538 12.21161079
-10.92638683 -268.6993103 -223.0075989 268.6993103 10.92638683
-10.82725239 -268.6618042 -222.826767 268.6618042 10.82725239
-9.352653503 -267.8052673 -219.9346771 267.8052673 9.352653503
-9.129412651 -267.7192993 -219.4965973 267.7192993 9.129412651
-9.063943863 -267.6982422 -219.372757 267.6982422 9.063943863
-8.841207504 -267.6197815 -218.9476013 267.6197815 8.841207504
-8.278755188 -267.2725525 -217.6870728 267.2725525 8.278755188
-8.026703835 -267.0869751 -217.170105 267.0869751 8.026703835
-7.133829117 -266.5303345 -215.2990875 266.5303345 7.133829117
-7.013839245 -266.4768677 -215.0743561 266.4768677 7.013839245
-6.399240971 -265.9819641 -213.5246735 265.9819641 6.399240971
-5.243233681 -265.0151672 -211.2538605 265.0151672 5.243233681
-5.10081768 -264.9518738 -211.014389 264.9518738 5.10081768
-4.507362843 -264.675415 -210.1246643 264.675415 4.507362843
-2.88456583 -264.2337952 -207.7568054 264.2337952 2.88456583
-2.08039093 -263.849884 -206.2549744 263.849884 2.08039093
-1.446658134 -263.6029358 -205.1047363 263.6029358 1.446658134
-1.446012259 -263.6025696 -205.1035309 263.6025696 1.446012259
-1.285176516 -263.5148621 -204.8040771 263.5148621 1.285176516
-0.258617163 -263.1533508 -202.7667542 263.1533508 0.258617163
-0.121832199 -263.1229553 -202.4586029 263.1229553 0.121832199
0.806706071 -262.8717957 -200.8249969 262.8717957 -0.806706071
1.975240707 -262.4111938 -198.9550781 262.4111938 -1.975240707
2.043464422 -262.3812256 -198.8288727 262.3812256 -2.043464422
3.161016703 -262.089386 -197.2073669 262.089386 -3.161016703
3.992369413 -261.9734192 -196.0294952 261.9734192 -3.992369413
5.563001156 -261.8170776 -194.0285645 261.8170776 -5.563001156
5.700448036 -261.8172913 -193.8738556 261.8172913 -5.700448036
6.467264175 -261.8326111 -193.0316925 261.8326111 -6.467264175
6.743915558 -261.8001709 -192.751358 261.8001709 -6.743915558
6.745144367 -261.8000183 -192.7500153 261.8000183 -6.745144367
7.05106163 -261.762146 -192.4143829 261.762146 -7.05106163
7.509850025 -261.6972046 -191.9578094 261.6972046 -7.509850025
8.989089012 -261.5239258 -190.6885834 261.5239258 -8.989089012
9.697246552 -261.4291382 -190.0441895 261.4291382 -9.697246552
10.07810593 -261.3739929 -189.7259369 261.3739929 -10.07810593
11.08809185 -261.2875977 -188.9816742 261.2875977 -11.08809185
11.33649921 -261.2712708 -188.7717285 261.2712708 -11.33649921
11.92470074 -261.2322083 -188.3852997 261.2322083 -11.92470074
11.92553616 -261.2321167 -188.3847961 261.2321167 -11.92553616
11.99428558 -261.2251892 -188.3431854 261.2251892 -11.99428558
14.32068634 -260.7782288 -186.712677 260.7782288 -14.32068634
15.16932011 -260.6542358 -186.0089417 260.6542358 -15.16932011
16.56241035 -260.3955994 -184.9979858 260.3955994 -16.56241035
17.40946198 -260.2251892 -184.2812653 260.2251892 -17.40946198
17.48020554 -260.2181091 -184.2122192 260.2181091 -17.48020554
18.26522636 -260.2407532 -183.5155029 260.2407532 -18.26522636
20.05446053 -260.1480408 -182.2906799 260.1480408 -20.05446053
22.15976143 -260.4661255 -181.3960266 260.4661255 -22.15976143
24.74583244 -260.6685181 -180.8047028 260.6685181 -24.74583244
26.11742783 -260.8773499 -180.4590912 260.8773499 -26.11742783
26.7210865 -260.9048767 -180.2880096 260.9048767 -26.7210865
28.6558075 -261.3276062 -179.9468689 261.3276062 -28.6558075
30.59804726 -261.6596069 -179.7371368 261.6596069 -30.59804726
32.42027283 -262.1229553 -179.7253723 262.1229553 -32.42027283
34.73535538 -262.5860901 -179.863739 262.5860901 -34.73535538
36.64777374 -263.0635681 -180.0400238 263.0635681 -36.64777374
38.80843353 -263.8094482 -180.6811066 263.8094482 -38.80843353
38.8363533 -263.8173218 -180.6969452 263.8173218 -38.8363533
42.73960114 -265.0493774 -183.3581696 265.0493774 -42.73960114
42.74737549 -265.0521851 -183.3633575 265.0521851 -42.74737549
42.92493057 -265.1183777 -183.4853973 265.1183777 -42.92493057
42.97769165 -265.1376953 -183.5184937 265.1376953 -42.97769165
43.96067047 -265.5691833 -184.4988861 265.5691833 -43.96067047
44.52420425 -265.6713562 -184.9768524 265.6713562 -44.52420425
45.48587799 -265.8354797 -186.1940155 265.8354797 -45.48587799
46.5794754 -265.8942566 -187.9112244 265.8942566 -46.5794754
46.84117889 -265.8859863 -188.3210449 265.8859863 -46.84117889
47.43148041 -265.7086792 -189.4546051 265.7086792 -47.43148041
47.52593994 -265.6775818 -189.6325378 265.6775818 -47.52593994
48.58249664 -265.2031555 -191.7225952 265.2031555 -48.58249664
48.83875275 -265.1554871 -192.2704163 265.1554871 -48.83875275
49.62769699 -265.0342102 -194.0185242 265.0342102 -49.62769699
49.84815598 -264.9589844 -194.5425873 264.9589844 -49.84815598
49.88588715 -264.9353943 -194.6414948 264.9353943 -49.88588715
50.16836548 -264.7660522 -195.4512634 264.7660522 -50.16836548
50.44747925 -264.5443115 -196.313324 264.5443115 -50.44747925
50.53768158 -264.4869995 -196.6638336 264.4869995 -50.53768158
50.87823105 -264.3178711 -197.6615143 264.3178711 -50.87823105
51.01787567 -264.2042236 -198.070312 264.2042236 -51.01787567
52.22253036 -263.8600464 -201.0295868 263.8600464 -52.22253036
52.34535217 -263.7832947 -201.3660431 263.7832947 -52.34535217
52.67762375 -263.621582 -202.1149902 263.621582 -52.67762375
53.70778275 -263.5524902 -204.495697 263.5524902 -53.70778275
54.65484619 -263.2572327 -205.9808502 263.2572327 -54.65484619
54.7494545 -263.2315063 -206.1619568 263.2315063 -54.7494545
55.81824493 -262.6410217 -208.1033783 262.6410217 -55.81824493
56.11204529 -262.4300842 -208.5130463 262.4300842 -56.11204529
57.32329941 -261.6807556 -210.278183 261.6807556 -57.32329941
57.74073029 -261.4299927 -210.9354553 261.4299927 -57.74073029
59.89136887 -260.0619812 -214.1826324 260.0619812 -59.89136887
60.10095978 -259.905426 -214.4840698 259.905426 -60.10095978
61.52731705 -259.1551819 -216.8210754 259.1551819 -61.52731705
61.58158112 -259.1197205 -216.9166718 259.1197205 -61.58158112
62.35307312 -258.6549072 -218.1726685 258.6549072 -62.35307312
62.88814926 -258.3270874 -219.3290558 258.3270874 -62.88814926
64.14778137 -257.6517334 -221.7010498 257.6517334 -64.14778137
64.40997314 -257.4753723 -222.2189941 257.4753723 -64.40997314
64.77178192 -257.213623 -222.8228607 257.213623 -64.77178192
65.02379608 -256.9838257 -223.2677155 256.9838257 -65.02379608
65.49551392 -256.4717102 -224.2210693 256.4717102 -65.49551392
65.95813751 -255.9737854 -225.3496246 255.9737854 -65.95813751
66.20388031 -255.6902161 -226.0418243 255.6902161 -66.20388031
66.34233093 -255.4631653 -226.4753571 255.4631653 -66.34233093
66.55030823 -255.1983948 -226.9713745 255.1983948 -66.55030823
66.55091095 -255.1975403 -226.9728699 255.1975403 -66.55091095
66.70017242 -254.9865875 -227.3446655 254.9865875 -66.70017242
67.23170471 -254.2234192 -228.9118347 254.2234192 -67.23170471
67.23256683 -254.2221527 -228.9148865 254.2221527 -67.23256683
67.44809723 -253.906601 -229.6747284 253.906601 -67.44809723
67.5266037 -253.7484283 -230.0039368 253.7484283 -67.5266037
67.86858368 -253.2161255 -231.1094208 253.2161255 -67.86858368
67.91591644 -253.1594696 -231.2267456 253.1594696 -67.91591644
68.20471954 -252.7523956 -232.0021973 252.7523956 -68.20471954
68.20503235 -252.7520447 -232.0028534 252.7520447 -68.20503235
68.28240967 -252.6656799 -232.1650543 252.6656799 -68.28240967
68.28425598 -252.6637573 -232.1691589 252.6637573 -68.28425598
68.51348877 -252.4252777 -232.6782227 252.4252777 -68.51348877
68.5141449 -252.4246063 -232.679718 252.4246063 -68.5141449
68.67844391 -252.2589569 -233.0532227 252.2589569 -68.67844391
68.82156372 -252.0760193 -233.4316559 252.0760193 -68.82156372
69.63199615 -250.9347076 -235.4439392 250.9347076 -69.63199615
69.7938385 -249.7023315 -236.4049377 249.7023315 -69.7938385
69.99708557 -249.1921234 -236.852356 249.1921234 -69.99708557
70.75363159 -247.4220276 -237.4663544 247.4220276 -70.75363159
71.28769684 -245.4755096 -237.7726898 245.4755096 -71.28769684
71.80879211 -243.8852844 -238.4918518 243.8852844 -71.80879211
72.38865662 -242.7139587 -238.7763977 242.7139587 -72.38865662
72.93689728 -241.8071747 -239.0140533 241.8071747 -72.93689728
74.77167511 -237.1088409 -238.6985016 237.1088409 -74.77167511
75.17414856 -236.0673218 -238.2413635 236.0673218 -75.17414856
76.72705841 -232.0888062 -236.864502 232.0888062 -76.72705841
76.90010834 -231.5927429 -236.7200012 231.5927429 -76.90010834
78.19893646 -228.4181366 -235.3957214 228.4181366 -78.19893646
78.55992126 -227.6598816 -235.0153503 227.6598816 -78.55992126
78.56201935 -227.654892 -235.0130463 227.654892 -78.56201935
78.83490753 -226.9937592 -234.6533966 226.9937592 -78.83490753
79.13047028 -226.224472 -234.2939758 226.224472 -79.13047028
79.88709259 -224.5916901 -233.4244232 224.5916901 -79.88709259
80.31130219 -223.6322937 -232.8197632 223.6322937 -80.31130219
80.56134796 -223.1257019 -232.479248 223.1257019 -80.56134796
81.13448334 -221.7721863 -231.7826385 221.7721863 -81.13448334
81.4899826 -220.8834381 -231.205719 220.8834381 -81.4899826
81.84770966 -220.1609039 -230.577179 220.1609039 -81.84770966
82.6879425 -218.1239624 -228.615387 218.1239624 -82.6879425
82.90345001 -217.8313904 -228.0501099 217.8313904 -82.90345001
83.34663391 -217.5844879 -227.088028 217.5844879 -83.34663391
84.34921265 -216.9741058 -224.5253448 216.9741058 -84.34921265
84.77344513 -216.8139038 -223.5437164 216.8139038 -84.77344513
85.23461914 -216.6033478 -222.4376068 216.6033478 -85.23461914
85.55640411 -216.5033112 -221.5086212 216.5033112 -85.55640411
85.56562805 -216.4962769 -221.4715576 216.4962769 -85.56562805
86.09336853 -216.4664307 -218.0840912 216.4664307 -86.09336853
86.23036957 -216.419281 -217.3562164 216.419281 -86.23036957
86.23110962 -216.4194336 -217.3496399 216.4194336 -86.23110962
86.46463776 -216.5446472 -215.6492004 216.5446472 -86.46463776
86.57365417 -216.5813293 -215.0903168 216.5813293 -86.57365417
86.99342346 -216.9227905 -213.1864777 216.9227905 -86.99342346
87.03385925 -216.966568 -213.0053253 216.966568 -87.03385925
87.46747589 -217.6016693 -210.849472 217.6016693 -87.46747589
87.58616638 -217.7357025 -210.4363251 217.7357025 -87.58616638
88.07177734 -218.4936066 -208.567627 218.4936066 -88.07177734
88.13067627 -218.5930328 -208.2987671 218.5930328 -88.13067627
88.48466492 -219.6602783 -205.7369232 219.6602783 -88.48466492
88.68538666 -220.2630615 -204.4278412 220.2630615 -88.68538666
88.72743225 -220.4624023 -204.0380402 220.4624023 -88.72743225
88.74487305 -220.5533295 -203.8808594 220.5533295 -88.74487305
88.93445587 -221.3327789 -202.2538757 221.3327789 -88.93445587
89.02799225 -222.3542633 -200.4387665 222.3542633 -89.02799225
89.16150665 -224.516037 -197.1552124 224.516037 -89.16150665
88.44736481 -226.7321472 -193.7483368 226.7321472 -88.44736481
88.44701385 -227.5814056 -192.416748 227.5814056 -88.44701385
87.99765778 -228.0753632 -191.3135681 228.0753632 -87.99765778
87.39515686 -228.9716034 -189.4735413 228.9716034 -87.39515686
86.88868713 -229.5897064 -187.7086334 229.5897064 -86.88868713
86.87602997 -229.602829 -187.6770172 229.602829 -86.87602997
85.92443848 -230.5616608 -184.59198 230.5616608 -85.92443848
84.92524719 -231.2634735 -181.6618805 231.2634735 -84.92524719
84.87936401 -231.2879486 -181.5273285 231.2879486 -84.87936401
84.24501038 -231.5272522 -179.9875641 231.5272522 -84.24501038
83.8997879 -231.6126099 -179.1568909 231.6126099 -83.8997879
83.39225769 -231.6285706 -178.0763702 231.6285706 -83.39225769
82.85631561 -231.5731964 -177.0862732 231.5731964 -82.85631561
81.83442688 -231.644165 -174.7763214 231.644165 -81.83442688
81.50654602 -231.6614075 -174.1045532 231.6614075 -81.50654602
81.19749451 -231.6289368 -173.4987488 231.6289368 -81.19749451
81.02716827 -231.5910339 -173.2024536 231.5910339 -81.02716827
80.23700714 -231.305481 -171.7236023 231.305481 -80.23700714
79.94548035 -231.2608795 -171.1242065 231.2608795 -79.94548035
79.75034332 -231.2871399 -170.6732635 231.2871399 -79.75034332
79.17861176 -231.2845306 -169.4783173 231.2845306 -79.17861176
79.02355957 -231.2539368 -169.0579529 231.2539368 -79.02355957
79.02224731 -231.2536011 -169.0545807 231.2536011 -79.02224731
79.02172852 -231.2533875 -169.053421 231.2533875 -79.02172852
78.89241028 -231.200531 -168.7652893 231.200531 -78.89241028
78.89085388 -231.2000732 -168.7616119 231.2000732 -78.89085388
78.69779968 -231.1439514 -168.3054199 231.1439514 -78.69779968
78.55483246 -231.0595245 -167.9673309 231.0595245 -78.55483246
78.28096008 -230.8528595 -167.2016296 230.8528595 -78.28096008
78.25253296 -230.8470612 -167.0614471 230.8470612 -78.25253296
78.15666962 -230.8346863 -166.3605957 230.8346863 -78.15666962
78.09745789 -230.8220978 -165.7229767 230.8220978 -78.09745789
78.10409546 -230.8023224 -165.0222015 230.8023224 -78.10409546
78.07593536 -230.6998901 -164.457016 230.6998901 -78.07593536
78.10231018 -230.5674591 -163.6205292 230.5674591 -78.10231018
78.10665131 -230.5615692 -163.5995789 230.5615692 -78.10665131
78.55638885 -229.7431335 -160.9858246 229.7431335 -78.55638885
78.62466431 -229.6507111 -160.7819824 229.6507111 -78.62466431
78.74986267 -229.4517212 -160.4581909 229.4517212 -78.74986267
79.91779327 -228.4282379 -158.2902527 228.4282379 -79.91779327
80.7201767 -227.4747467 -156.802536 227.4747467 -80.7201767
80.72436523 -227.4343567 -156.7718506 227.4343567 -80.72436523
82.04664612 -225.9084625 -154.7500458 225.9084625 -82.04664612
83.08662415 -224.5649719 -153.2510681 224.5649719 -83.08662415
83.45600128 -224.1875305 -152.8343048 224.1875305 -83.45600128
83.62236023 -224.058075 -152.6621857 224.058075 -83.62236023
83.7301712 -223.9707031 -152.5472107 223.9707031 -83.7301712
84.91462708 -222.6807861 -151.2861328 222.6807861 -84.91462708
84.91500854 -222.6803741 -151.2856598 222.6803741 -84.91500854
84.96208191 -222.6290588 -151.2261963 222.6290588 -84.96208191
86.79631805 -221.0480347 -149.5350952 221.0480347 -86.79631805
87.48886108 -220.4229279 -148.7957306 220.4229279 -87.48886108
88.93026733 -218.9997559 -147.5144653 218.9997559 -88.93026733
90.14707184 -217.5197601 -146.0940704 217.5197601 -90.14707184
90.27008057 -217.3384094 -145.9826508 217.3384094 -90.27008057
91.72026825 -215.9711456 -144.6912842 215.9711456 -91.72026825
92.35025024 -215.0011444 -143.7993317 215.0011444 -92.35025024
92.84885406 -214.250473 -143.2313385 214.250473 -92.84885406
93.5918045 -213.0604858 -142.2150421 213.0604858 -93.5918045
94.1969223 -212.1285248 -141.5042419 212.1285248 -94.1969223
96.13278198 -209.4924164 -139.4294434 209.4924164 -96.13278198
97.22148895 -208.3292694 -138.4011841 208.3292694 -97.22148895
97.88521576 -207.4664612 -137.8620758 207.4664612 -97.88521576
98.99928284 -205.8564606 -136.7805328 205.8564606 -98.99928284
99.1463089 -205.6681824 -136.6715851 205.6681824 -99.1463089
100.365242 -204.0400848 -135.8657379 204.0400848 -100.365242
100.9615936 -203.2344666 -135.5780487 203.2344666 -100.9615936
101.1543808 -202.9347687 -135.5325623 202.9347687 -101.1543808
101.5143433 -202.5369263 -135.4555359 202.5369263 -101.5143433
101.664032 -202.3654785 -135.4135132 202.3654785 -101.664032
102.1515732 -201.8216248 -135.3282623 201.8216248 -102.1515732
102.5389862 -201.4086609 -135.301651 201.4086609 -102.5389862
102.591568 -201.3648529 -135.2953949 201.3648529 -102.591568
102.816658 -201.1897888 -135.2906647 201.1897888 -102.816658
102.8465652 -201.1607971 -135.2987518 201.1607971 -102.8465652
105.2797699 -198.7280121 -135.7269135 198.7280121 -105.2797699
106.5724716 -196.9784393 -136.2258148 196.9784393 -106.5724716
106.5811615 -196.9690247 -136.2302246 196.9690247 -106.5811615
108.277565 -194.896698 -137.3697662 194.896698 -108.277565
108.9391708 -194.1436005 -137.7512054 194.1436005 -108.9391708
108.9922867 -194.0751953 -137.7842255 194.0751953 -108.9922867
109.5740509 -193.353363 -138.2237091 193.353363 -109.5740509
111.2077484 -191.4401245 -139.524704 191.4401245 -111.2077484
111.5822678 -191.0341644 -139.7910461 191.0341644 -111.5822678
112.0099564 -190.5079803 -140.1726837 190.5079803 -112.0099564
112.1915283 -190.2572327 -140.3581238 190.2572327 -112.1915283
112.6958618 -189.6832733 -140.8109436 189.6832733 -112.6958618
112.9986649 -189.2447662 -141.1688995 189.2447662 -112.9986649
113.3517456 -188.8119049 -141.5340118 188.8119049 -113.3517456
113.4705353 -188.6637268 -141.6486664 188.6637268 -113.4705353
113.7994003 -188.3149109 -141.9396973 188.3149109 -113.7994003
114.3900909 -187.4526062 -142.6468201 187.4526062 -114.3900909
114.3931808 -187.4490509 -142.6501007 187.4490509 -114.3931808
114.5446854 -187.2745361 -142.81073 187.2745361 -114.5446854
115.4191132 -186.4022217 -143.9629517 186.4022217 -115.4191132
115.7098999 -186.1288147 -144.3136444 186.1288147 -115.7098999
116.2370224 -185.6340027 -145.0381165 185.6340027 -116.2370224
116.8445892 -185.0638275 -145.9841003 185.0638275 -116.8445892
117.3463974 -184.6079407 -146.6694183 184.6079407 -117.3463974
117.509758 -184.494873 -146.9220276 184.494873 -117.509758
118.2696075 -184.0266724 -148.0378571 184.0266724 -118.2696075
118.5753098 -183.7526855 -148.677063 183.7526855 -118.5753098
118.8407822 -183.5684357 -149.1366425 183.5684357 -118.8407822
119.746582 -182.5985718 -150.7635193 182.5985718 -119.746582
120.5206833 -181.5692596 -152.6549072 181.5692596 -120.5206833
120.6081314 -181.4404755 -152.9386597 181.4404755 -120.6081314
121.0976563 -180.654068 -154.9710846 180.654068 -121.0976563
121.1896591 -180.4060059 -155.523468 180.4060059 -121.1896591
121.8864365 -178.9607239 -158.8605347 178.9607239 -121.8864365
121.9933777 -178.6973724 -159.5428772 178.6973724 -121.9933777
122.1439056 -178.3756256 -160.4202881 178.3756256 -122.1439056
122.1870346 -178.2738953 -160.6362915 178.2738953 -122.1870346
122.475914 -177.675415 -161.9954376 177.675415 -122.475914
122.523735 -177.5311737 -162.3401031 177.5311737 -122.523735
122.5283203 -177.5087738 -162.3924255 177.5087738 -122.5283203
122.5955505 -177.2202606 -163.0240326 177.2202606 -122.5955505
123.0372238 -176.0861816 -166.1277313 176.0861816 -123.0372238
123.1606598 -175.7628326 -166.7792816 175.7628326 -123.1606598
123.2675247 -175.5300903 -167.3862 175.5300903 -123.2675247
123.4143066 -174.5040588 -170.2076416 174.5040588 -123.4143066
123.4241486 -174.4315643 -170.3952942 174.4315643 -123.4241486
123.4157562 -174.2937775 -170.7706604 174.2937775 -123.4157562
123.3657761 -174.115387 -171.4048462 174.115387 -123.3657761
123.4240112 -173.7242279 -172.6046753 173.7242279 -123.4240112
123.3504639 -173.5791473 -173.5672607 173.5791473 -123.3504639
123.3186417 -173.2825165 -175.9255981 173.2825165 -123.3186417
123.4254074 -172.9907074 -177.1532135 172.9907074 -123.4254074
123.4198456 -172.878479 -177.7677002 172.878479 -123.4198456
123.4528198 -172.8554993 -178.6567993 172.8554993 -123.4528198
123.4179153 -172.6201782 -180.7171631 172.6201782 -123.4179153
123.4249268 -172.5884247 -180.9427185 172.5884247 -123.4249268
123.4599075 -172.5744629 -181.8750458 172.5744629 -123.4599075
123.2629776 -172.1986694 -184.9190216 172.1986694 -123.2629776
123.2447205 -172.1819916 -185.0710907 172.1819916 -123.2447205
123.1406174 -171.9703979 -186.8078308 171.9703979 -123.1406174
122.9875641 -171.5990295 -188.7162323 171.5990295 -122.9875641
122.9617767 -171.5658569 -189.000473 171.5658569 -122.9617767
122.8512573 -171.453064 -190.3471527 171.453064 -122.8512573
122.8480759 -171.4503632 -190.3855591 171.4503632 -122.8480759
122.4422989 -171.3768005 -194.0391541 171.3768005 -122.4422989
122.3268738 -171.4383087 -194.5924683 171.4383087 -122.3268738
122.1533432 -171.5847778 -195.4102783 171.5847778 -122.1533432
121.0948639 -171.6923523 -198.5013123 171.6923523 -121.0948639
120.9050598 -171.7503052 -199.1255035 171.7503052 -120.9050598
120.0785904 -171.7646637 -201.6299591 171.7646637 -120.0785904
118.9343491 -171.0693512 -204.9865265 171.0693512 -118.9343491
118.2474365 -170.7278137 -207.061142 170.7278137 -118.2474365
118.1671906 -170.6903229 -207.3808136 170.6903229 -118.1671906
117.9217072 -170.6391602 -208.151062 170.6391602 -117.9217072
117.4897461 -170.5257111 -209.8029175 170.5257111 -117.4897461
117.3637543 -170.5292969 -210.2185974 170.5292969 -117.3637543
116.1445694 -170.7818756 -213.8753204 170.7818756 -116.1445694
116.0700836 -170.7910156 -214.1299744 170.7910156 -116.0700836
116.0121231 -170.7939911 -214.3436737 170.7939911 -116.0121231
115.3685455 -171.1669006 -216.4636688 171.1669006 -115.3685455
115.0259857 -171.6645508 -217.8613586 171.6645508 -115.0259857
114.7242889 -172.1232758 -219.1824341 172.1232758 -114.7242889
114.5964813 -172.485611 -220.0761414 172.485611 -114.5964813
114.5279922 -172.6990051 -220.5304108 172.6990051 -114.5279922
114.3786926 -173.427597 -222.2601318 173.427597 -114.3786926
114.3413162 -173.6008453 -222.7393646 173.6008453 -114.3413162
114.3625031 -174.1210938 -223.846405 174.1210938 -114.3625031
114.3567734 -174.3978119 -224.510437 174.3978119 -114.3567734
114.309166 -174.7434387 -225.2543945 174.7434387 -114.309166
114.2713547 -175.0472717 -225.9878845 175.0472717 -114.2713547
114.2774582 -175.2514191 -226.4767151 175.2514191 -114.2774582
114.1943512 -176.5524139 -229.0856934 176.5524139 -114.1943512
114.2216187 -177.0947876 -230.0628815 177.0947876 -114.2216187
114.3201981 -177.8519135 -231.675827 177.8519135 -114.3201981
114.2843475 -178.3345184 -232.3764191 178.3345184 -114.2843475
114.2786484 -179.5786438 -234.2722168 179.5786438 -114.2786484
114.2677612 -179.8248291 -234.5863647 179.8248291 -114.2677612
114.2599487 -179.8781738 -234.6504822 179.8781738 -114.2599487
114.2425232 -180.1986847 -235.1301727 180.1986847 -114.2425232
114.3393402 -181.1369781 -236.3735046 181.1369781 -114.3393402
114.2453766 -183.0631714 -238.4030151 183.0631714 -114.2453766
114.2777328 -183.9835205 -239.5858612 183.9835205 -114.2777328
114.5155716 -184.609848 -240.2879486 184.609848 -114.5155716
114.6471329 -186.9043121 -243.1481476 186.9043121 -114.6471329
114.7250519 -187.5152893 -244.0283813 187.5152893 -114.7250519
114.7596283 -188.8454437 -245.7058563 188.8454437 -114.7596283
114.7602463 -188.8567963 -245.7217407 188.8567963 -114.7602463
114.466301 -189.7420044 -247.2332611 189.7420044 -114.466301
114.4415665 -190.0180817 -247.6191254 190.0180817 -114.4415665
114.512619 -191.6070251 -249.9528656 191.6070251 -114.512619
114.255722 -192.8795471 -251.7473145 192.8795471 -114.255722
114.2434158 -192.9191132 -251.8356628 192.9191132 -114.2434158
113.7874832 -194.0462494 -254.1024628 194.0462494 -113.7874832
113.7847824 -194.3589783 -254.7770996 194.3589783 -113.7847824
113.763237 -194.8178253 -255.6261597 194.8178253 -113.763237
113.7664261 -194.8362274 -255.6693115 194.8362274 -113.7664261
113.8238983 -195.0275726 -256.0903931 195.0275726 -113.8238983
113.8304977 -195.0915375 -256.2089233 195.0915375 -113.8304977
113.8077545 -195.3904877 -257.0070801 195.3904877 -113.8077545
114.050293 -196.3058014 -259.3652039 196.3058014 -114.050293
114.0696945 -196.412674 -259.5129089 196.412674 -114.0696945
114.144104 -196.61203 -259.8943787 196.61203 -114.144104
114.3097992 -197.2992706 -262.3253174 197.2992706 -114.3097992
114.3798294 -197.4371796 -262.8704224 197.4371796 -114.3798294
114.4175339 -197.5382385 -263.2825928 197.5382385 -114.4175339
114.4153824 -197.8529816 -264.9794617 197.8529816 -114.4153824
114.3923035 -198.035202 -266.4985352 198.035202 -114.3923035
114.4406509 -198.149704 -267.315033 198.149704 -114.4406509
114.4588928 -198.4073334 -268.9776306 198.4073334 -114.4588928
114.5044861 -198.3921051 -269.5036926 198.3921051 -114.5044861
114.5310669 -198.3712921 -270.4069214 198.3712921 -114.5310669
114.5307693 -198.3750916 -270.8454895 198.3750916 -114.5307693
114.6070786 -198.2099915 -273.2520752 198.2099915 -114.6070786
114.6155243 -198.1985168 -273.4022827 198.1985168 -114.6155243
114.6382446 -198.1030273 -274.3646851 198.1030273 -114.6382446
114.752533 -197.9556732 -275.4175415 197.9556732 -114.752533
114.8299255 -197.7784119 -276.8312073 197.7784119 -114.8299255
114.9336548 -197.6785736 -277.6907043 197.6785736 -114.9336548
114.9450684 -197.6436157 -277.8108215 197.6436157 -114.9450684
115.0452194 -197.3680573 -279.1863708 197.3680573 -115.0452194
115.0704117 -197.3112488 -279.4496155 197.3112488 -115.0704117
115.076683 -197.2816162 -279.6003113 197.2816162 -115.076683
115.0760803 -197.2515869 -279.6719055 197.2515869 -115.0760803
115.1414032 -196.4138336 -281.5766296 196.4138336 -115.1414032
115.1534653 -196.3380737 -281.8641357 196.3380737 -115.1534653
115.1897659 -196.0779266 -282.8788452 196.0779266 -115.1897659
115.2727356 -195.7128448 -283.9880066 195.7128448 -115.2727356
115.2730484 -195.5264587 -284.5640869 195.5264587 -115.2730484
115.2746506 -195.3606567 -285.2049561 195.3606567 -115.2746506
115.3402176 -194.9920807 -286.4197388 194.9920807 -115.3402176
115.3415985 -194.9734344 -286.473877 194.9734344 -115.3415985
115.379158 -194.8532104 -286.7615662 194.8532104 -115.379158
115.4004059 -194.7991028 -286.8805847 194.7991028 -115.4004059
115.6630325 -193.9307251 -288.6421814 193.9307251 -115.6630325
115.7504272 -193.7001343 -288.9842834 193.7001343 -115.7504272
115.9098129 -192.9992371 -290.1816711 192.9992371 -115.9098129
115.7124176 -192.4209137 -291.9732971 192.4209137 -115.7124176
115.6863174 -192.3078461 -292.3840332 192.3078461 -115.6863174
115.6526566 -192.2263031 -292.7180481 192.2263031 -115.6526566
115.4336548 -191.4932709 -294.9814758 191.4932709 -115.4336548
115.5360947 -190.8702545 -298.7088928 190.8702545 -115.5360947
115.5239563 -190.8341217 -299.0140991 190.8341217 -115.5239563
115.4221497 -190.4360046 -301.1547241 190.4360046 -115.4221497
115.4209137 -190.2650909 -301.9527893 190.2650909 -115.4209137
115.3858871 -190.0890656 -302.8275757 190.0890656 -115.3858871
115.3621216 -190.0123291 -303.241272 190.0123291 -115.3621216
115.2654419 -189.8238373 -304.6230774 189.8238373 -115.2654419
115.2532501 -189.6741486 -305.6600647 189.6741486 -115.2532501
115.1766968 -189.5645752 -306.772583 189.5645752 -115.1766968
115.1020126 -189.5215607 -307.3284912 189.5215607 -115.1020126
115.087326 -189.5181122 -307.4031372 189.5181122 -115.087326
114.9735413 -189.4357758 -309.1123657 189.4357758 -114.9735413
114.9235382 -189.4339294 -309.5692139 189.4339294 -114.9235382
114.9276962 -189.4324951 -309.7510986 189.4324951 -114.9276962
114.8641815 -189.3060455 -311.6462402 189.3060455 -114.8641815
114.9377213 -189.3303986 -314.9633789 189.3303986 -114.9377213
114.9068375 -189.216568 -316.4275818 189.216568 -114.9068375
114.9055252 -189.2157898 -316.4372559 189.2157898 -114.9055252
114.774498 -189.1871338 -318.9068298 189.1871338 -114.774498
114.765831 -189.1871643 -318.983551 189.1871643 -114.765831
114.5169067 -189.0545349 -321.3876343 189.0545349 -114.5169067
114.437233 -188.9247131 -322.354248 188.9247131 -114.437233
114.3646469 -188.8661041 -322.7888184 188.8661041 -114.3646469
114.318779 -188.7957153 -323.4100037 188.7957153 -114.318779
114.2147141 -188.9621429 -324.9301147 188.9621429 -114.2147141
114.2133713 -188.99263 -325.8721924 188.99263 -114.2133713
114.211174 -188.9952545 -325.9035034 188.9952545 -114.211174
114.0123825 -188.7443848 -328.1775208 188.7443848 -114.0123825
113.9357224 -188.53125 -329.5876465 188.53125 -113.9357224
113.9213257 -188.5240173 -329.8334656 188.5240173 -113.9213257
113.9985504 -188.5946198 -331.4825134 188.5946198 -113.9985504
113.9942017 -188.6611176 -332.1651611 188.6611176 -113.9942017
112.8748322 -188.8584137 -334.7877502 188.8584137 -112.8748322
112.754158 -188.9402008 -335.1109619 188.9402008 -112.754158
112.7441025 -188.9535522 -335.1572266 188.9535522 -112.7441025
112.0264053 -190.3762207 -337.2563477 190.3762207 -112.0264053
110.2494431 -192.8766327 -341.0278015 192.8766327 -110.2494431
110.1627655 -192.9207153 -341.2562866 192.9207153 -110.1627655
109.0983963 -195.4183044 -343.7789307 195.4183044 -109.0983963
108.5743942 -196.7507019 -344.6988525 196.7507019 -108.5743942
107.311203 -200.0014191 -346.5231934 200.0014191 -107.311203
106.7648849 -201.5360565 -347.3953247 201.5360565 -106.7648849
106.6728287 -201.7582703 -347.5376282 201.7582703 -106.6728287
106.3321609 -202.8660736 -348.1182251 202.8660736 -106.3321609
105.8594894 -204.6892242 -348.6868286 204.6892242 -105.8594894
105.5590363 -205.6975403 -348.9546509 205.6975403 -105.5590363
105.0729218 -207.0112915 -349.2025146 207.0112915 -105.0729218
104.0742569 -211.1384735 -349.5458679 211.1384735 -104.0742569
104.0477295 -211.2017059 -349.5560608 211.2017059 -104.0477295
103.8538208 -211.7019501 -349.5296936 211.7019501 -103.8538208
102.9777298 -214.4833221 -349.4062805 214.4833221 -102.9777298
102.7257767 -215.549118 -349.0149536 215.549118 -102.7257767
102.59021 -216.4824982 -348.7935791 216.4824982 -102.59021
102.3675079 -217.8198547 -348.7094727 217.8198547 -102.3675079
102.0985031 -219.480072 -347.8790283 219.480072 -102.0985031
101.8915176 -220.1989288 -347.4718628 220.1989288 -101.8915176
101.8260345 -220.6079559 -347.2720032 220.6079559 -101.8260345
101.5503159 -222.0317688 -346.5907593 222.0317688 -101.5503159
101.6107483 -222.3236542 -346.4577332 222.3236542 -101.6107483
101.4756851 -223.0970306 -345.9491272 223.0970306 -101.4756851
101.4549789 -223.2524719 -345.8816223 223.2524719 -101.4549789
101.0991821 -224.8465118 -344.8500977 224.8465118 -101.0991821
100.9531784 -225.2758179 -344.557251 225.2758179 -100.9531784
100.3512497 -226.5071869 -343.9975586 226.5071869 -100.3512497
99.7308197 -227.5028229 -343.4951172 227.5028229 -99.7308197
97.53935242 -232.02034 -342.036499 232.02034 -97.53935242
96.96327209 -232.8982849 -342.2292786 232.8982849 -96.96327209
95.20847321 -235.8196716 -342.2155151 235.8196716 -95.20847321
94.32362366 -237.1244659 -342.2763672 237.1244659 -94.32362366
93.65704346 -238.3291931 -342.3980408 238.3291931 -93.65704346
91.69346619 -241.4649506 -343.1366577 241.4649506 -91.69346619
91.66639709 -241.5058289 -343.1419983 241.5058289 -91.66639709
90.37060547 -244.0889893 -343.8897095 244.0889893 -90.37060547
89.47955322 -245.5178833 -344.6966858 245.5178833 -89.47955322
88.59989929 -247.7542114 -346.6392212 247.7542114 -88.59989929
88.36550903 -248.2015228 -347.0587769 248.2015228 -88.36550903
88.29014587 -248.3292847 -347.1186523 248.3292847 -88.29014587
87.53929138 -250.1340332 -349.0298767 250.1340332 -87.53929138
87.52507782 -251.2688141 -350.5108643 251.2688141 -87.52507782
87.60210419 -251.80336 -351.3331909 251.80336 -87.60210419
87.67389679 -253.3877258 -353.7807617 253.3877258 -87.67389679
87.61849976 -254.0045166 -354.7190247 254.0045166 -87.61849976
87.53202057 -254.496109 -356.1802979 254.496109 -87.53202057
87.48117065 -254.6478271 -356.7602539 254.6478271 -87.48117065
87.44277191 -254.7281494 -357.1080322 254.7281494 -87.44277191
87.3687973 -254.8912659 -357.6576538 254.8912659 -87.3687973
87.00185394 -255.2795715 -359.111084 255.2795715 -87.00185394
86.9105835 -255.380661 -359.5179138 255.380661 -86.9105835
86.8239975 -255.5072937 -360.0121765 255.5072937 -86.8239975
86.77172089 -255.5429993 -360.2757568 255.5429993 -86.77172089
86.73252869 -255.6162567 -360.5662231 255.6162567 -86.73252869
85.7059021 -256.2088013 -364.8799133 256.2088013 -85.7059021
85.68723297 -256.2219238 -365.0420837 256.2219238 -85.68723297
85.64338684 -256.2765198 -365.9103699 256.2765198 -85.64338684
85.53765869 -256.2753906 -366.8641357 256.2753906 -85.53765869
85.48429108 -256.3244629 -367.6968384 256.3244629 -85.48429108
85.54853821 -256.29422 -368.7544556 256.29422 -85.54853821
85.55401611 -256.2904968 -368.7749939 256.2904968 -85.55401611
86.0883255 -255.8510437 -371.9553528 255.8510437 -86.0883255
86.11902618 -255.8448486 -372.1236877 255.8448486 -86.11902618
86.49134064 -255.6920776 -373.3187256 255.6920776 -86.49134064
86.66769409 -255.5453186 -374.0172424 255.5453186 -86.66769409
87.27113342 -254.2286072 -376.8927917 254.2286072 -87.27113342
87.32291412 -254.0207977 -377.3217773 254.0207977 -87.32291412
87.33425903 -254.0083313 -377.3608093 254.0083313 -87.33425903
87.34854889 -253.9513855 -377.4763489 253.9513855 -87.34854889
87.65161133 -253.2013855 -378.9091187 253.2013855 -87.65161133
87.90834045 -252.5122375 -380.1055908 252.5122375 -87.90834045
88.05731964 -251.8012238 -381.5475464 251.8012238 -88.05731964
88.07529449 -251.6314697 -381.868103 251.6314697 -88.07529449
88.56496429 -250.398468 -383.8563232 250.398468 -88.56496429
88.63626862 -250.1352081 -384.3567505 250.1352081 -88.63626862
88.66414642 -250.0711975 -384.4688416 250.0711975 -88.66414642
89.010849 -248.9902802 -386.2225647 248.9902802 -89.010849
89.16925049 -248.6666412 -386.6671448 248.6666412 -89.16925049
89.66360474 -247.2757111 -388.474823 247.2757111 -89.66360474
89.74425507 -247.0680542 -388.7050781 247.0680542 -89.74425507
89.81580353 -246.8252258 -388.9805908 246.8252258 -89.81580353
89.83911133 -246.7602997 -389.0525208 246.7602997 -89.83911133
90.25579834 -245.7138672 -390.3100281 245.7138672 -90.25579834
90.7963562 -244.4035797 -391.7409058 244.4035797 -90.7963562
91.26276398 -243.3795471 -392.6741638 243.3795471 -91.26276398
91.3925705 -243.0176239 -392.9743042 243.0176239 -91.3925705
91.57720947 -242.5405884 -393.3998413 242.5405884 -91.57720947
91.57751465 -242.5398865 -393.4004211 242.5398865 -91.57751465
91.65328217 -242.3659668 -393.5478516 242.3659668 -91.65328217
92.0515213 -240.7460632 -394.8368225 240.7460632 -92.0515213
92.27427673 -239.4837799 -396.3050232 239.4837799 -92.27427673
92.27629089 -239.4694824 -396.3227539 239.4694824 -92.27629089
92.26002502 -239.1078033 -396.7814331 239.1078033 -92.26002502
92.29059601 -237.8085785 -398.5515137 237.8085785 -92.29059601
92.26268768 -237.4525909 -399.230011 237.4525909 -92.26268768
92.11490631 -236.89534 -400.3403625 236.89534 -92.11490631
92.08400726 -236.7079163 -400.7187195 236.7079163 -92.08400726
91.7878952 -235.3155518 -403.1356812 235.3155518 -91.7878952
91.63609314 -234.7429657 -404.0682678 234.7429657 -91.63609314
91.62826538 -234.70961 -404.1260071 234.70961 -91.62826538
91.38587952 -234.081131 -405.2936401 234.081131 -91.38587952
91.0945282 -233.3176117 -406.5778809 233.3176117 -91.0945282
91.09429169 -233.3172607 -406.5786133 233.3172607 -91.09429169
91.03536224 -233.2297516 -406.7626648 233.2297516 -91.03536224
90.3884201 -232.6148376 -408.7341614 232.6148376 -90.3884201
90.2421875 -232.4807281 -409.0935669 232.4807281 -90.2421875
89.35456085 -231.7285004 -411.4729309 231.7285004 -89.35456085
89.16149139 -231.6025391 -411.8708191 231.6025391 -89.16149139
88.35095978 -231.4525452 -413.5555115 231.4525452 -88.35095978
88.3458252 -231.4515839 -413.5643005 231.4515839 -88.3458252
87.97611237 -231.347641 -414.2420654 231.347641 -87.97611237
87.54746246 -231.1896057 -414.9187012 231.1896057 -87.54746246
87.44044495 -231.1589813 -415.0639648 231.1589813 -87.44044495
86.77816772 -230.9230804 -416.0272522 230.9230804 -86.77816772
85.55119324 -230.5670624 -417.7013245 230.5670624 -85.55119324
85.51777649 -230.5540314 -417.7530823 230.5540314 -85.51777649
84.42334747 -230.2943115 -419.2068481 230.2943115 -84.42334747
84.2990799 -230.2530975 -419.3883057 230.2530975 -84.2990799
83.12251282 -229.9916229 -420.8201599 229.9916229 -83.12251282
82.50860596 -229.8501434 -421.4660339 229.8501434 -82.50860596
81.60938263 -229.7672577 -422.3616638 229.7672577 -81.60938263
81.18358612 -229.7326508 -422.8002319 229.7326508 -81.18358612
80.47666931 -229.5690918 -423.4266968 229.5690918 -80.47666931
79.69315338 -229.4112091 -424.0810547 229.4112091 -79.69315338
79.03936768 -229.2877502 -424.5920105 229.2877502 -79.03936768
77.06892395 -229.161438 -425.9316406 229.161438 -77.06892395
76.65727234 -229.2124786 -426.1482544 229.2124786 -76.65727234
73.6355896 -229.4152374 -427.1782837 229.4152374 -73.6355896
73.06305695 -229.4943237 -427.3790283 229.4943237 -73.06305695
71.52792358 -229.7663269 -427.8636169 229.7663269 -71.52792358
68.10174561 -230.643219 -428.1377258 230.643219 -68.10174561
67.97838593 -230.6773987 -428.1554565 230.6773987 -67.97838593
65.11675262 -231.5210114 -428.1138306 231.5210114 -65.11675262
64.42172241 -231.7375793 -428.1850281 231.7375793 -64.42172241
61.82185745 -232.4720001 -428.335907 232.4720001 -61.82185745
61.15299988 -232.6303558 -428.4484558 232.6303558 -61.15299988
60.96457672 -232.6843414 -428.4648743 232.6843414 -60.96457672
59.97481918 -233.0526581 -428.5048218 233.0526581 -59.97481918
57.861763 -233.6551666 -428.218811 233.6551666 -57.861763
56.40648651 -233.992157 -427.6538391 233.992157 -56.40648651
52.96870422 -234.7338104 -425.6212463 234.7338104 -52.96870422
52.58532333 -234.7317047 -425.1166382 234.7317047 -52.58532333
50.64719391 -234.8445129 -422.5008545 234.8445129 -50.64719391
48.92340851 -234.6748962 -419.8657532 234.6748962 -48.92340851
48.66706467 -234.6556854 -419.4595642 234.6556854 -48.66706467
48.56531906 -234.652359 -419.2997437 234.652359 -48.56531906
47.71944809 -234.4959869 -417.8560791 234.4959869 -47.71944809
46.8738327 -234.3296814 -415.7618408 234.3296814 -46.8738327
46.8214035 -234.311615 -415.5934753 234.311615 -46.8214035
46.64728928 -234.1900024 -414.4645081 234.1900024 -46.64728928
46.51787567 -234.1695557 -413.2120972 234.1695557 -46.51787567
46.44148254 -234.1773834 -411.6381226 234.1773834 -46.44148254
46.4632225 -234.0957642 -410.960968 234.0957642 -46.4632225
46.4329834 -233.9520721 -409.9228516 233.9520721 -46.4329834
46.45186615 -233.7724762 -407.8146667 233.7724762 -46.45186615
46.46151733 -233.6941071 -406.9907837 233.6941071 -46.46151733
46.47776031 -233.6675415 -406.8569946 233.6675415 -46.47776031
46.48620605 -233.6521149 -406.6797485 233.6521149 -46.48620605
46.4894104 -233.6273346 -406.4466858 233.6273346 -46.4894104
46.46165848 -233.5763245 -405.5417786 233.5763245 -46.46165848
46.47171783 -233.4738007 -404.2671509 233.4738007 -46.47171783
46.46964264 -233.450119 -404.0457153 233.450119 -46.46964264
46.46235657 -233.3773651 -403.8692322 233.3773651 -46.46235657
45.81157684 -232.5858307 -401.9305725 232.5858307 -45.81157684
45.33734894 -231.8375397 -400.943512 231.8375397 -45.33734894
44.79791641 -231.1468658 -399.8527222 231.1468658 -44.79791641
44.65614319 -230.8989716 -399.5233154 230.8989716 -44.65614319
44.09597397 -230.1170959 -398.2879333 230.1170959 -44.09597397
43.6460495 -229.4991455 -397.5843201 229.4991455 -43.6460495
42.94264221 -228.7637787 -396.7591248 228.7637787 -42.94264221
40.6150589 -226.1504364 -395.0054321 226.1504364 -40.6150589
40.05226898 -225.6844177 -394.7871399 225.6844177 -40.05226898
37.34349442 -223.1302032 -394.3902588 223.1302032 -37.34349442
37.26661301 -223.0469513 -394.3672791 223.0469513 -37.26661301
37.04928589 -222.8411865 -394.2926636 222.8411865 -37.04928589
36.01967621 -221.8389282 -393.8873596 221.8389282 -36.01967621
35.35659027 -221.23172 -393.7242432 221.23172 -35.35659027
35.05326462 -220.9755707 -393.6394043 220.9755707 -35.05326462
33.86953354 -219.9222717 -393.5006714 219.9222717 -33.86953354
33.69212341 -219.7505798 -393.4700317 219.7505798 -33.69212341
31.28106308 -217.6208801 -393.3228149 217.6208801 -31.28106308
30.57389832 -217.0329895 -393.4503784 217.0329895 -30.57389832
29.91122437 -216.4468079 -393.5464478 216.4468079 -29.91122437
27.46198845 -214.4352417 -394.0149841 214.4352417 -27.46198845
26.6399498 -213.6829529 -394.2146912 213.6829529 -26.6399498
25.444767 -212.8157959 -394.3004761 212.8157959 -25.444767
23.23816299 -210.847229 -395.2374268 210.847229 -23.23816299
22.7875061 -210.4861298 -395.5192261 210.4861298 -22.7875061
22.00278282 -209.6665955 -396.192627 209.6665955 -22.00278282
21.44510841 -209.1461639 -396.7477722 209.1461639 -21.44510841
21.25135612 -208.8435974 -396.9394836 208.8435974 -21.25135612
20.66081238 -208.060379 -397.4539795 208.060379 -20.66081238
19.14195442 -206.2358093 -398.5075989 206.2358093 -19.14195442
18.80016136 -205.8900452 -398.743866 205.8900452 -18.80016136
18.65903282 -205.7751617 -398.864502 205.7751617 -18.65903282
18.64581871 -205.7624664 -398.8779297 205.7624664 -18.64581871
17.03974724 -204.9320984 -399.8187866 204.9320984 -17.03974724
16.98391914 -204.9093781 -399.8511353 204.9093781 -16.98391914
15.5846386 -204.1707458 -400.6059875 204.1707458 -15.5846386
14.82092285 -203.6638947 -401.1135864 203.6638947 -14.82092285
14.44600964 -203.3827667 -401.367157 203.3827667 -14.44600964
13.63815212 -202.6792145 -401.8876953 202.6792145 -13.63815212
13.59277916 -202.6363525 -401.9172974 202.6363525 -13.59277916
12.94445992 -202.1332092 -402.2633362 202.1332092 -12.94445992
12.74827766 -201.989624 -402.3945312 201.989624 -12.74827766
10.90604687 -200.4180603 -404.2739258 200.4180603 -10.90604687
9.908082962 -199.6646118 -405.1474609 199.6646118 -9.908082962
8.072445869 -198.1212921 -406.8579102 198.1212921 -8.072445869
6.486344337 -196.7404785 -408.5239258 196.7404785 -6.486344337
6.42124176 -196.6725464 -408.5930481 196.6725464 -6.42124176
5.881465912 -196.0510254 -409.3247375 196.0510254 -5.881465912
5.107658386 -195.3184052 -410.1787415 195.3184052 -5.107658386
4.644662857 -194.9092712 -410.6004639 194.9092712 -4.644662857
4.493339062 -194.7743073 -410.7316589 194.7743073 -4.493339062
3.434837818 -193.5883942 -411.6963806 193.5883942 -3.434837818
2.836620331 -192.7283478 -412.4046936 192.7283478 -2.836620331
1.285337329 -190.7023926 -414.0611572 190.7023926 -1.285337329
1.246095419 -190.651474 -414.1106873 190.651474 -1.246095419
0.310605019 -189.1293335 -415.4155884 189.1293335 -0.310605019
-0.628848732 -186.9308929 -417.1795959 186.9308929 0.628848732
-0.733566582 -186.693573 -417.396759 186.693573 0.733566582
-1.086543798 -185.7951813 -418.2359314 185.7951813 1.086543798
-1.130113363 -185.6687622 -418.3498535 185.6687622 1.130113363
-1.509566903 -183.8204193 -419.7875977 183.8204193 1.509566903
-1.514695883 -183.5432587 -419.9804687 183.5432587 1.514695883
-1.587653279 -182.4299774 -420.9607849 182.4299774 1.587653279
-1.563159704 -181.2096405 -421.9941711 181.2096405 1.563159704
-1.39435029 -180.2425842 -422.6641541 180.2425842 1.39435029
-1.197473288 -179.4589386 -423.2724304 179.4589386 1.197473288
-0.633366704 -177.9723511 -424.3257141 177.9723511 0.633366704
-0.515874207 -177.6882782 -424.4961548 177.6882782 0.515874207
-0.457276136 -177.5310364 -424.5870667 177.5310364 0.457276136
-0.313684344 -177.0958405 -424.8703003 177.0958405 0.313684344
0.367682904 -174.1563263 -426.2026978 174.1563263 -0.367682904
0.791594982 -172.8296814 -426.9022522 172.8296814 -0.791594982
1.770371199 -169.8313904 -428.2783508 169.8313904 -1.770371199
2.727369785 -167.1887817 -429.5037842 167.1887817 -2.727369785
3.009438038 -166.4430237 -429.9411926 166.4430237 -3.009438038
3.291456699 -165.8014984 -430.2971802 165.8014984 -3.291456699
3.522207737 -165.2850189 -430.5595398 165.2850189 -3.522207737
4.260147572 -163.1809692 -431.6027222 163.1809692 -4.260147572
4.27265501 -163.1434937 -431.6233215 163.1434937 -4.27265501
4.469882011 -162.4457092 -432.0034485 162.4457092 -4.469882011
4.54264164 -162.2635498 -432.0941772 162.2635498 -4.54264164
5.015365124 -160.9620209 -432.7414551 160.9620209 -5.015365124
5.475310802 -159.0456085 -433.6905823 159.0456085 -5.475310802
5.522778988 -158.8364105 -433.7953491 158.8364105 -5.522778988
5.763444901 -157.906723 -434.355896 157.906723 -5.763444901
5.787121773 -157.8496094 -434.3881836 157.8496094 -5.787121773
5.879126549 -157.6087341 -434.5313721 157.6087341 -5.879126549
6.052620411 -157.1468506 -434.801178 157.1468506 -6.052620411
6.241872787 -156.3610992 -435.2565613 156.3610992 -6.241872787
6.571354866 -155.057312 -436.0071716 155.057312 -6.571354866
6.757748604 -154.4209747 -436.3502502 154.4209747 -6.757748604
6.814481735 -154.0200195 -436.5646667 154.0200195 -6.814481735
6.942019939 -153.1500702 -437.0456848 153.1500702 -6.942019939
6.99488163 -152.8246002 -437.2438965 152.8246002 -6.99488163
7.044674873 -152.4087677 -437.4946594 152.4087677 -7.044674873
7.300095558 -151.2602539 -438.1616211 151.2602539 -7.300095558
7.377319336 -150.8623505 -438.4156494 150.8623505 -7.377319336
7.583421707 -148.1951599 -440.0419312 148.1951599 -7.583421707
7.583521366 -148.1941986 -440.0426941 148.1941986 -7.583521366
7.608331203 -147.9546509 -440.2325134 147.9546509 -7.608331203
7.704230785 -147.3791656 -440.6832581 147.3791656 -7.704230785
7.71071291 -147.3008423 -440.7449646 147.3008423 -7.71071291
7.719139099 -147.1847687 -440.8456726 147.1847687 -7.719139099
7.758382797 -146.826355 -441.20047 146.826355 -7.758382797
7.939805984 -145.5559082 -442.6001587 145.5559082 -7.939805984
7.946619987 -145.5016937 -442.6737061 145.5016937 -7.946619987
7.961279869 -145.3840485 -442.8223572 145.3840485 -7.961279869
8.000652313 -144.8796539 -443.4506531 144.8796539 -8.000652313
8.022089005 -144.5400543 -443.8717041 144.5400543 -8.022089005
7.868241787 -142.3468475 -446.3718872 142.3468475 -7.868241787
7.869903564 -142.1343384 -446.6582031 142.1343384 -7.869903564
7.868704319 -141.2878723 -447.8710937 141.2878723 -7.868704319
7.862180233 -140.8957977 -448.3999329 140.8957977 -7.862180233
7.987036228 -140.0027008 -449.6775818 140.0027008 -7.987036228
8.116113663 -139.0874481 -452.0515442 139.0874481 -8.116113663
8.030482292 -138.7659607 -452.9567871 138.7659607 -8.030482292
7.882007122 -138.1092224 -454.7021484 138.1092224 -7.882007122
7.520641804 -136.935379 -457.6035156 136.935379 -7.520641804
7.326792717 -136.6289825 -458.3721313 136.6289825 -7.326792717
7.226624012 -136.5304108 -458.8696594 136.5304108 -7.226624012
6.871343136 -136.9039764 -461.8112488 136.9039764 -6.871343136
6.871235371 -136.9038696 -461.8118286 136.9038696 -6.871235371
6.84445715 -136.8778076 -461.958313 136.8778076 -6.84445715
6.771683693 -136.8564911 -462.2550659 136.8564911 -6.771683693
6.052958012 -138.3317261 -466.360199 138.3317261 -6.052958012
5.992436886 -138.7010956 -467.225647 138.7010956 -5.992436886
5.842562675 -139.0891418 -468.2817078 139.0891418 -5.842562675
5.269504547 -140.7724915 -470.8115845 140.7724915 -5.269504547
